320000 319457 318595 315526 311865 307420 302025 295278 287226 277219 265822 252736 238168 222542 205902 187740 169026 149080 128206 106326 82228 55480 
249497 139045 92110 59062 37849 24143 15080 9047 4975 2419 925 273 76 18 2 0 0 0 0 0 0 0 
208329 75791 33094 11351 3420 872 162 27 3 1 0 0 0 0 0 0 0 0 0 0 0 0 
176478 44495 13206 2268 265 22 1 1 0 0 0 0 0 0 0 0 0 0 0 0 0 0 
148412 25307 4713 328 13 0 0 0 0 0 0 0 0 0 0 0 0 0 0 0 0 0 
122580 13323 1455 34 0 0 0 0 0 0 0 0 0 0 0 0 0 0 0 0 0 0 
99774 6355 311 1 0 0 0 0 0 0 0 0 0 0 0 0 0 0 0 0 0 0 
79439 2677 56 0 0 0 0 0 0 0 0 0 0 0 0 0 0 0 0 0 0 0 
61796 933 6 0 0 0 0 0 0 0 0 0 0 0 0 0 0 0 0 0 0 0 
47178 263 0 0 0 0 0 0 0 0 0 0 0 0 0 0 0 0 0 0 0 0 
34794 72 0 0 0 0 0 0 0 0 0 0 0 0 0 0 0 0 0 0 0 0 
24832 10 0 0 0 0 0 0 0 0 0 0 0 0 0 0 0 0 0 0 0 0 
17102 3 0 0 0 0 0 0 0 0 0 0 0 0 0 0 0 0 0 0 0 0 
11318 0 0 0 0 0 0 0 0 0 0 0 0 0 0 0 0 0 0 0 0 0 
7023 0 0 0 0 0 0 0 0 0 0 0 0 0 0 0 0 0 0 0 0 0 
4069 0 0 0 0 0 0 0 0 0 0 0 0 0 0 0 0 0 0 0 0 0 
2098 0 0 0 0 0 0 0 0 0 0 0 0 0 0 0 0 0 0 0 0 0 
1003 0 0 0 0 0 0 0 0 0 0 0 0 0 0 0 0 0 0 0 0 0 
398 0 0 0 0 0 0 0 0 0 0 0 0 0 0 0 0 0 0 0 0 0 
122 0 0 0 0 0 0 0 0 0 0 0 0 0 0 0 0 0 0 0 0 0 
25 0 0 0 0 0 0 0 0 0 0 0 0 0 0 0 0 0 0 0 0 0 
3 0 0 0 0 0 0 0 0 0 0 0 0 0 0 0 0 0 0 0 0 0 
160000 159615 159027 156709 153752 149987 145461 140237 133617 126492 118150 109472 100182 90981 81480 72122 62865 53839 44728 36001 26685 17663 
135101 101904 76667 53953 36582 24146 15217 9370 5218 2626 1073 398 148 32 14 2 1 0 0 0 0 0 
114489 62950 32363 12417 3761 1013 205 40 5 1 1 1 0 0 0 0 0 0 0 0 0 0 
96307 39439 14132 2848 343 36 3 2 0 0 0 0 0 0 0 0 0 0 0 0 0 0 
79922 23084 5255 457 17 5 1 0 0 0 0 0 0 0 0 0 0 0 0 0 0 0 
64492 12380 1669 54 1 0 0 0 0 0 0 0 0 0 0 0 0 0 0 0 0 0 
51004 5969 400 3 0 0 0 0 0 0 0 0 0 0 0 0 0 0 0 0 0 0 
38940 2497 87 2 0 0 0 0 0 0 0 0 0 0 0 0 0 0 0 0 0 0 
29038 876 10 0 0 0 0 0 0 0 0 0 0 0 0 0 0 0 0 0 0 0 
21138 267 2 0 0 0 0 0 0 0 0 0 0 0 0 0 0 0 0 0 0 0 
14820 50 0 0 0 0 0 0 0 0 0 0 0 0 0 0 0 0 0 0 0 0 
10148 6 0 0 0 0 0 0 0 0 0 0 0 0 0 0 0 0 0 0 0 0 
6491 1 0 0 0 0 0 0 0 0 0 0 0 0 0 0 0 0 0 0 0 0 
4089 0 0 0 0 0 0 0 0 0 0 0 0 0 0 0 0 0 0 0 0 0 
2481 0 0 0 0 0 0 0 0 0 0 0 0 0 0 0 0 0 0 0 0 0 
1338 0 0 0 0 0 0 0 0 0 0 0 0 0 0 0 0 0 0 0 0 0 
663 0 0 0 0 0 0 0 0 0 0 0 0 0 0 0 0 0 0 0 0 0 
321 0 0 0 0 0 0 0 0 0 0 0 0 0 0 0 0 0 0 0 0 0 
115 0 0 0 0 0 0 0 0 0 0 0 0 0 0 0 0 0 0 0 0 0 
29 0 0 0 0 0 0 0 0 0 0 0 0 0 0 0 0 0 0 0 0 0 
5 0 0 0 0 0 0 0 0 0 0 0 0 0 0 0 0 0 0 0 0 0 
0 0 0 0 0 0 0 0 0 0 0 0 0 0 0 0 0 0 0 0 0 0 
160000 159774 159454 158526 157500 156269 154870 153380 151387 149019 146459 143090 139087 134571 129071 122751 115428 106894 96652 84750 69737 48733 
107914 8944 3261 1471 813 439 259 140 82 38 18 2 1 0 0 0 0 0 0 0 0 0 
87131 2668 470 95 17 2 1 0 0 0 0 0 0 0 0 0 0 0 0 0 0 0 
73243 1252 103 12 0 0 0 0 0 0 0 0 0 0 0 0 0 0 0 0 0 0 
62578 593 33 0 0 0 0 0 0 0 0 0 0 0 0 0 0 0 0 0 0 0 
53455 299 3 0 0 0 0 0 0 0 0 0 0 0 0 0 0 0 0 0 0 0 
45407 137 3 0 0 0 0 0 0 0 0 0 0 0 0 0 0 0 0 0 0 0 
38127 66 0 0 0 0 0 0 0 0 0 0 0 0 0 0 0 0 0 0 0 0 
31824 23 0 0 0 0 0 0 0 0 0 0 0 0 0 0 0 0 0 0 0 0 
25987 7 0 0 0 0 0 0 0 0 0 0 0 0 0 0 0 0 0 0 0 0 
20954 1 0 0 0 0 0 0 0 0 0 0 0 0 0 0 0 0 0 0 0 0 
16518 0 0 0 0 0 0 0 0 0 0 0 0 0 0 0 0 0 0 0 0 0 
12651 0 0 0 0 0 0 0 0 0 0 0 0 0 0 0 0 0 0 0 0 0 
9262 0 0 0 0 0 0 0 0 0 0 0 0 0 0 0 0 0 0 0 0 0 
6590 0 0 0 0 0 0 0 0 0 0 0 0 0 0 0 0 0 0 0 0 0 
4375 0 0 0 0 0 0 0 0 0 0 0 0 0 0 0 0 0 0 0 0 0 
2748 0 0 0 0 0 0 0 0 0 0 0 0 0 0 0 0 0 0 0 0 0 
1524 0 0 0 0 0 0 0 0 0 0 0 0 0 0 0 0 0 0 0 0 0 
718 0 0 0 0 0 0 0 0 0 0 0 0 0 0 0 0 0 0 0 0 0 
261 0 0 0 0 0 0 0 0 0 0 0 0 0 0 0 0 0 0 0 0 0 
69 0 0 0 0 0 0 0 0 0 0 0 0 0 0 0 0 0 0 0 0 0 
9 0 0 0 0 0 0 0 0 0 0 0 0 0 0 0 0 0 0 0 0 0 
80000 79738 79339 77694 75419 72889 69500 65873 61345 56509 51392 46160 40670 35627 30804 26403 22213 18551 14884 11627 8424 5690 
70978 62561 52527 40530 28763 19958 12955 8233 4640 2401 986 402 164 59 22 8 6 2 0 0 0 0 
59870 42077 24905 10990 3277 1011 206 61 11 5 2 1 0 0 0 0 0 0 0 0 0 0 
50132 27867 11667 2847 329 70 7 2 2 0 0 0 0 0 0 0 0 0 0 0 0 0 
40449 16471 4511 523 23 6 0 0 0 0 0 0 0 0 0 0 0 0 0 0 0 0 
31845 9151 1468 95 0 0 0 0 0 0 0 0 0 0 0 0 0 0 0 0 0 0 
24220 4407 384 14 0 0 0 0 0 0 0 0 0 0 0 0 0 0 0 0 0 0 
17760 1894 92 2 0 0 0 0 0 0 0 0 0 0 0 0 0 0 0 0 0 0 
12472 664 15 2 0 0 0 0 0 0 0 0 0 0 0 0 0 0 0 0 0 0 
8434 205 5 0 0 0 0 0 0 0 0 0 0 0 0 0 0 0 0 0 0 0 
5417 52 2 0 0 0 0 0 0 0 0 0 0 0 0 0 0 0 0 0 0 0 
3441 18 0 0 0 0 0 0 0 0 0 0 0 0 0 0 0 0 0 0 0 0 
2111 4 0 0 0 0 0 0 0 0 0 0 0 0 0 0 0 0 0 0 0 0 
1242 0 0 0 0 0 0 0 0 0 0 0 0 0 0 0 0 0 0 0 0 0 
683 0 0 0 0 0 0 0 0 0 0 0 0 0 0 0 0 0 0 0 0 0 
356 0 0 0 0 0 0 0 0 0 0 0 0 0 0 0 0 0 0 0 0 0 
174 0 0 0 0 0 0 0 0 0 0 0 0 0 0 0 0 0 0 0 0 0 
71 0 0 0 0 0 0 0 0 0 0 0 0 0 0 0 0 0 0 0 0 0 
25 0 0 0 0 0 0 0 0 0 0 0 0 0 0 0 0 0 0 0 0 0 
5 0 0 0 0 0 0 0 0 0 0 0 0 0 0 0 0 0 0 0 0 0 
2 0 0 0 0 0 0 0 0 0 0 0 0 0 0 0 0 0 0 0 0 0 
0 0 0 0 0 0 0 0 0 0 0 0 0 0 0 0 0 0 0 0 0 0 
80000 79867 79698 79149 78447 77665 76870 75799 74567 73149 71551 69351 67127 64422 61216 57726 53678 49113 43798 37706 30215 20920 
56851 15145 7463 4075 2378 1464 945 614 321 174 84 33 8 2 0 0 0 0 0 0 0 0 
46260 5852 1637 454 96 27 5 0 0 0 0 0 0 0 0 0 0 0 0 0 0 0 
38688 3133 610 84 7 1 0 0 0 0 0 0 0 0 0 0 0 0 0 0 0 0 
32665 1667 198 14 0 0 0 0 0 0 0 0 0 0 0 0 0 0 0 0 0 0 
27803 881 70 2 0 0 0 0 0 0 0 0 0 0 0 0 0 0 0 0 0 0 
23253 443 16 0 0 0 0 0 0 0 0 0 0 0 0 0 0 0 0 0 0 0 
19485 202 2 0 0 0 0 0 0 0 0 0 0 0 0 0 0 0 0 0 0 0 
16044 84 3 0 0 0 0 0 0 0 0 0 0 0 0 0 0 0 0 0 0 0 
12958 25 0 0 0 0 0 0 0 0 0 0 0 0 0 0 0 0 0 0 0 0 
10322 9 0 0 0 0 0 0 0 0 0 0 0 0 0 0 0 0 0 0 0 0 
7983 3 0 0 0 0 0 0 0 0 0 0 0 0 0 0 0 0 0 0 0 0 
5903 2 0 0 0 0 0 0 0 0 0 0 0 0 0 0 0 0 0 0 0 0 
4309 0 0 0 0 0 0 0 0 0 0 0 0 0 0 0 0 0 0 0 0 0 
2965 0 0 0 0 0 0 0 0 0 0 0 0 0 0 0 0 0 0 0 0 0 
1950 0 0 0 0 0 0 0 0 0 0 0 0 0 0 0 0 0 0 0 0 0 
1220 0 0 0 0 0 0 0 0 0 0 0 0 0 0 0 0 0 0 0 0 0 
651 0 0 0 0 0 0 0 0 0 0 0 0 0 0 0 0 0 0 0 0 0 
308 0 0 0 0 0 0 0 0 0 0 0 0 0 0 0 0 0 0 0 0 0 
93 0 0 0 0 0 0 0 0 0 0 0 0 0 0 0 0 0 0 0 0 0 
19 0 0 0 0 0 0 0 0 0 0 0 0 0 0 0 0 0 0 0 0 0 
3 0 0 0 0 0 0 0 0 0 0 0 0 0 0 0 0 0 0 0 0 0 
80000 79861 79678 79133 78482 77679 76909 75945 74753 73229 71425 69393 66969 64244 60822 57034 52513 47251 41633 34843 26958 17390 
60360 10772 4417 2124 1202 705 425 274 150 74 26 11 3 1 0 0 0 0 0 0 0 0 
50083 3636 710 134 20 2 0 0 0 0 0 0 0 0 0 0 0 0 0 0 0 0 
42751 1832 226 17 1 0 0 0 0 0 0 0 0 0 0 0 0 0 0 0 0 0 
36539 913 72 2 0 0 0 0 0 0 0 0 0 0 0 0 0 0 0 0 0 0 
31428 467 17 0 0 0 0 0 0 0 0 0 0 0 0 0 0 0 0 0 0 0 
26472 246 9 0 0 0 0 0 0 0 0 0 0 0 0 0 0 0 0 0 0 0 
22228 104 0 0 0 0 0 0 0 0 0 0 0 0 0 0 0 0 0 0 0 0 
18282 48 0 0 0 0 0 0 0 0 0 0 0 0 0 0 0 0 0 0 0 0 
14976 21 0 0 0 0 0 0 0 0 0 0 0 0 0 0 0 0 0 0 0 0 
11896 6 0 0 0 0 0 0 0 0 0 0 0 0 0 0 0 0 0 0 0 0 
9324 0 0 0 0 0 0 0 0 0 0 0 0 0 0 0 0 0 0 0 0 0 
7056 0 0 0 0 0 0 0 0 0 0 0 0 0 0 0 0 0 0 0 0 0 
5127 0 0 0 0 0 0 0 0 0 0 0 0 0 0 0 0 0 0 0 0 0 
3538 0 0 0 0 0 0 0 0 0 0 0 0 0 0 0 0 0 0 0 0 0 
2349 0 0 0 0 0 0 0 0 0 0 0 0 0 0 0 0 0 0 0 0 0 
1447 0 0 0 0 0 0 0 0 0 0 0 0 0 0 0 0 0 0 0 0 0 
801 0 0 0 0 0 0 0 0 0 0 0 0 0 0 0 0 0 0 0 0 0 
372 0 0 0 0 0 0 0 0 0 0 0 0 0 0 0 0 0 0 0 0 0 
126 0 0 0 0 0 0 0 0 0 0 0 0 0 0 0 0 0 0 0 0 0 
31 0 0 0 0 0 0 0 0 0 0 0 0 0 0 0 0 0 0 0 0 0 
3 0 0 0 0 0 0 0 0 0 0 0 0 0 0 0 0 0 0 0 0 0 
80000 79892 79760 79321 78830 78332 77814 77132 76328 75311 74275 72950 71355 69516 67278 64754 61825 58061 53640 48237 41265 30718 
48291 14 0 0 0 0 0 0 0 0 0 0 0 0 0 0 0 0 0 0 0 0 
38210 0 0 0 0 0 0 0 0 0 0 0 0 0 0 0 0 0 0 0 0 0 
31793 0 0 0 0 0 0 0 0 0 0 0 0 0 0 0 0 0 0 0 0 0 
27011 0 0 0 0 0 0 0 0 0 0 0 0 0 0 0 0 0 0 0 0 0 
22926 0 0 0 0 0 0 0 0 0 0 0 0 0 0 0 0 0 0 0 0 0 
19276 0 0 0 0 0 0 0 0 0 0 0 0 0 0 0 0 0 0 0 0 0 
16404 0 0 0 0 0 0 0 0 0 0 0 0 0 0 0 0 0 0 0 0 0 
13641 0 0 0 0 0 0 0 0 0 0 0 0 0 0 0 0 0 0 0 0 0 
11285 0 0 0 0 0 0 0 0 0 0 0 0 0 0 0 0 0 0 0 0 0 
9269 0 0 0 0 0 0 0 0 0 0 0 0 0 0 0 0 0 0 0 0 0 
7259 0 0 0 0 0 0 0 0 0 0 0 0 0 0 0 0 0 0 0 0 0 
5699 0 0 0 0 0 0 0 0 0 0 0 0 0 0 0 0 0 0 0 0 0 
4295 0 0 0 0 0 0 0 0 0 0 0 0 0 0 0 0 0 0 0 0 0 
3066 0 0 0 0 0 0 0 0 0 0 0 0 0 0 0 0 0 0 0 0 0 
2176 0 0 0 0 0 0 0 0 0 0 0 0 0 0 0 0 0 0 0 0 0 
1396 0 0 0 0 0 0 0 0 0 0 0 0 0 0 0 0 0 0 0 0 0 
788 0 0 0 0 0 0 0 0 0 0 0 0 0 0 0 0 0 0 0 0 0 
410 0 0 0 0 0 0 0 0 0 0 0 0 0 0 0 0 0 0 0 0 0 
150 0 0 0 0 0 0 0 0 0 0 0 0 0 0 0 0 0 0 0 0 0 
45 0 0 0 0 0 0 0 0 0 0 0 0 0 0 0 0 0 0 0 0 0 
2 0 0 0 0 0 0 0 0 0 0 0 0 0 0 0 0 0 0 0 0 0 
40000 39835 39611 38789 37050 35616 33341 31274 28256 25624 22479 19569 16604 14176 11743 9774 7934 6533 5020 3900 2733 1919 
36660 34225 30695 25817 18792 13789 8947 5814 3203 1723 712 305 139 73 29 20 8 2 1 0 1 0 
30825 24566 16138 8126 2434 797 153 48 10 4 0 1 0 0 0 0 0 0 0 0 0 0 
25637 16941 7936 2474 281 54 9 2 0 0 0 0 0 0 0 0 0 0 0 0 0 0 
19977 10001 3037 508 19 3 0 0 0 0 0 0 0 0 0 0 0 0 0 0 0 0 
15273 5393 1013 103 3 1 0 0 0 0 0 0 0 0 0 0 0 0 0 0 0 0 
11052 2525 272 22 0 0 0 0 0 0 0 0 0 0 0 0 0 0 0 0 0 0 
7614 1130 85 12 0 0 0 0 0 0 0 0 0 0 0 0 0 0 0 0 0 0 
4912 372 19 0 0 0 0 0 0 0 0 0 0 0 0 0 0 0 0 0 0 0 
3120 124 11 1 0 0 0 0 0 0 0 0 0 0 0 0 0 0 0 0 0 0 
1839 44 4 0 0 0 0 0 0 0 0 0 0 0 0 0 0 0 0 0 0 0 
1117 12 1 0 0 0 0 0 0 0 0 0 0 0 0 0 0 0 0 0 0 0 
610 9 1 0 0 0 0 0 0 0 0 0 0 0 0 0 0 0 0 0 0 0 
329 1 0 0 0 0 0 0 0 0 0 0 0 0 0 0 0 0 0 0 0 0 
146 1 0 0 0 0 0 0 0 0 0 0 0 0 0 0 0 0 0 0 0 0 
71 0 0 0 0 0 0 0 0 0 0 0 0 0 0 0 0 0 0 0 0 0 
27 0 0 0 0 0 0 0 0 0 0 0 0 0 0 0 0 0 0 0 0 0 
9 0 0 0 0 0 0 0 0 0 0 0 0 0 0 0 0 0 0 0 0 0 
3 0 0 0 0 0 0 0 0 0 0 0 0 0 0 0 0 0 0 0 0 0 
1 0 0 0 0 0 0 0 0 0 0 0 0 0 0 0 0 0 0 0 0 0 
1 0 0 0 0 0 0 0 0 0 0 0 0 0 0 0 0 0 0 0 0 0 
1 0 0 0 0 0 0 0 0 0 0 0 0 0 0 0 0 0 0 0 0 0 
40000 39942 39844 39376 38806 38256 37407 36584 35553 34300 32897 31421 29726 28074 26108 24158 22003 19715 17312 14673 11593 8190 
30337 18215 12453 8158 5537 3668 2320 1473 845 440 182 59 20 3 0 0 0 0 0 0 0 0 
24492 9799 4600 1620 494 121 21 3 0 0 0 0 0 0 0 0 0 0 0 0 0 0 
20269 5902 1923 345 41 3 0 0 0 0 0 0 0 0 0 0 0 0 0 0 0 0 
16501 3348 727 52 1 0 0 0 0 0 0 0 0 0 0 0 0 0 0 0 0 0 
13586 1787 241 7 0 0 0 0 0 0 0 0 0 0 0 0 0 0 0 0 0 0 
10753 938 61 0 0 0 0 0 0 0 0 0 0 0 0 0 0 0 0 0 0 0 
8648 422 9 0 0 0 0 0 0 0 0 0 0 0 0 0 0 0 0 0 0 0 
6617 143 3 0 0 0 0 0 0 0 0 0 0 0 0 0 0 0 0 0 0 0 
5077 36 0 0 0 0 0 0 0 0 0 0 0 0 0 0 0 0 0 0 0 0 
3807 12 0 0 0 0 0 0 0 0 0 0 0 0 0 0 0 0 0 0 0 0 
2780 3 0 0 0 0 0 0 0 0 0 0 0 0 0 0 0 0 0 0 0 0 
1934 0 0 0 0 0 0 0 0 0 0 0 0 0 0 0 0 0 0 0 0 0 
1305 0 0 0 0 0 0 0 0 0 0 0 0 0 0 0 0 0 0 0 0 0 
829 0 0 0 0 0 0 0 0 0 0 0 0 0 0 0 0 0 0 0 0 0 
524 0 0 0 0 0 0 0 0 0 0 0 0 0 0 0 0 0 0 0 0 0 
299 0 0 0 0 0 0 0 0 0 0 0 0 0 0 0 0 0 0 0 0 0 
151 0 0 0 0 0 0 0 0 0 0 0 0 0 0 0 0 0 0 0 0 0 
80 0 0 0 0 0 0 0 0 0 0 0 0 0 0 0 0 0 0 0 0 0 
31 0 0 0 0 0 0 0 0 0 0 0 0 0 0 0 0 0 0 0 0 0 
7 0 0 0 0 0 0 0 0 0 0 0 0 0 0 0 0 0 0 0 0 0 
0 0 0 0 0 0 0 0 0 0 0 0 0 0 0 0 0 0 0 0 0 0 
40000 39925 39827 39418 38923 38503 37822 37141 36213 35224 33928 32498 30993 29183 27245 25255 22905 20355 17605 14569 11149 7207 
31386 14477 8481 5121 3108 1995 1242 736 405 209 79 21 5 2 0 0 0 0 0 0 0 0 
25751 6695 2409 703 204 49 9 4 1 0 0 0 0 0 0 0 0 0 0 0 0 0 
21713 3751 858 133 8 0 0 0 0 0 0 0 0 0 0 0 0 0 0 0 0 0 
18416 2064 283 20 0 0 0 0 0 0 0 0 0 0 0 0 0 0 0 0 0 0 
15388 1068 77 2 0 0 0 0 0 0 0 0 0 0 0 0 0 0 0 0 0 0 
12733 544 18 0 0 0 0 0 0 0 0 0 0 0 0 0 0 0 0 0 0 0 
10575 250 3 0 0 0 0 0 0 0 0 0 0 0 0 0 0 0 0 0 0 0 
8501 96 0 0 0 0 0 0 0 0 0 0 0 0 0 0 0 0 0 0 0 0 
6757 31 1 0 0 0 0 0 0 0 0 0 0 0 0 0 0 0 0 0 0 0 
5301 12 0 0 0 0 0 0 0 0 0 0 0 0 0 0 0 0 0 0 0 0 
4017 3 0 0 0 0 0 0 0 0 0 0 0 0 0 0 0 0 0 0 0 0 
2976 3 0 0 0 0 0 0 0 0 0 0 0 0 0 0 0 0 0 0 0 0 
2067 0 0 0 0 0 0 0 0 0 0 0 0 0 0 0 0 0 0 0 0 0 
1434 0 0 0 0 0 0 0 0 0 0 0 0 0 0 0 0 0 0 0 0 0 
894 0 0 0 0 0 0 0 0 0 0 0 0 0 0 0 0 0 0 0 0 0 
544 0 0 0 0 0 0 0 0 0 0 0 0 0 0 0 0 0 0 0 0 0 
297 0 0 0 0 0 0 0 0 0 0 0 0 0 0 0 0 0 0 0 0 0 
127 0 0 0 0 0 0 0 0 0 0 0 0 0 0 0 0 0 0 0 0 0 
44 0 0 0 0 0 0 0 0 0 0 0 0 0 0 0 0 0 0 0 0 0 
9 0 0 0 0 0 0 0 0 0 0 0 0 0 0 0 0 0 0 0 0 0 
2 0 0 0 0 0 0 0 0 0 0 0 0 0 0 0 0 0 0 0 0 0 
40000 39956 39876 39639 39393 39090 38794 38437 37972 37436 36856 36212 35278 34341 33075 31633 30109 28250 26013 23255 19648 14033 
25407 184 54 21 6 4 1 2 2 0 0 0 0 0 0 0 0 0 0 0 0 0 
20086 30 1 0 0 0 0 0 0 0 0 0 0 0 0 0 0 0 0 0 0 0 
16793 23 0 0 0 0 0 0 0 0 0 0 0 0 0 0 0 0 0 0 0 0 
14236 13 0 0 0 0 0 0 0 0 0 0 0 0 0 0 0 0 0 0 0 0 
12208 8 0 0 0 0 0 0 0 0 0 0 0 0 0 0 0 0 0 0 0 0 
10422 4 0 0 0 0 0 0 0 0 0 0 0 0 0 0 0 0 0 0 0 0 
8845 2 0 0 0 0 0 0 0 0 0 0 0 0 0 0 0 0 0 0 0 0 
7425 1 0 0 0 0 0 0 0 0 0 0 0 0 0 0 0 0 0 0 0 0 
6096 0 0 0 0 0 0 0 0 0 0 0 0 0 0 0 0 0 0 0 0 0 
4993 0 0 0 0 0 0 0 0 0 0 0 0 0 0 0 0 0 0 0 0 0 
3951 0 0 0 0 0 0 0 0 0 0 0 0 0 0 0 0 0 0 0 0 0 
3091 0 0 0 0 0 0 0 0 0 0 0 0 0 0 0 0 0 0 0 0 0 
2329 0 0 0 0 0 0 0 0 0 0 0 0 0 0 0 0 0 0 0 0 0 
1691 0 0 0 0 0 0 0 0 0 0 0 0 0 0 0 0 0 0 0 0 0 
1217 0 0 0 0 0 0 0 0 0 0 0 0 0 0 0 0 0 0 0 0 0 
786 0 0 0 0 0 0 0 0 0 0 0 0 0 0 0 0 0 0 0 0 0 
448 0 0 0 0 0 0 0 0 0 0 0 0 0 0 0 0 0 0 0 0 0 
212 0 0 0 0 0 0 0 0 0 0 0 0 0 0 0 0 0 0 0 0 0 
89 0 0 0 0 0 0 0 0 0 0 0 0 0 0 0 0 0 0 0 0 0 
22 0 0 0 0 0 0 0 0 0 0 0 0 0 0 0 0 0 0 0 0 0 
1 0 0 0 0 0 0 0 0 0 0 0 0 0 0 0 0 0 0 0 0 0 
40000 39914 39819 39430 39006 38549 38033 37345 36519 35604 34501 33119 31551 29764 27625 25243 22675 19770 16689 13322 9623 5749 
32853 10958 5321 2803 1646 1015 594 384 205 111 52 25 13 2 0 0 0 0 0 0 0 0 
27915 4348 1055 200 48 14 2 0 0 0 0 0 0 0 0 0 0 0 0 0 0 0 
24130 2181 338 34 3 1 0 0 0 0 0 0 0 0 0 0 0 0 0 0 0 0 
20747 1117 111 3 0 0 0 0 0 0 0 0 0 0 0 0 0 0 0 0 0 0 
17784 622 25 0 0 0 0 0 0 0 0 0 0 0 0 0 0 0 0 0 0 0 
15227 276 10 0 0 0 0 0 0 0 0 0 0 0 0 0 0 0 0 0 0 0 
12711 134 0 0 0 0 0 0 0 0 0 0 0 0 0 0 0 0 0 0 0 0 
10380 63 0 0 0 0 0 0 0 0 0 0 0 0 0 0 0 0 0 0 0 0 
8348 16 0 0 0 0 0 0 0 0 0 0 0 0 0 0 0 0 0 0 0 0 
6678 6 0 0 0 0 0 0 0 0 0 0 0 0 0 0 0 0 0 0 0 0 
5076 4 0 0 0 0 0 0 0 0 0 0 0 0 0 0 0 0 0 0 0 0 
3748 0 0 0 0 0 0 0 0 0 0 0 0 0 0 0 0 0 0 0 0 0 
2670 0 0 0 0 0 0 0 0 0 0 0 0 0 0 0 0 0 0 0 0 0 
1816 0 0 0 0 0 0 0 0 0 0 0 0 0 0 0 0 0 0 0 0 0 
1131 0 0 0 0 0 0 0 0 0 0 0 0 0 0 0 0 0 0 0 0 0 
657 0 0 0 0 0 0 0 0 0 0 0 0 0 0 0 0 0 0 0 0 0 
321 0 0 0 0 0 0 0 0 0 0 0 0 0 0 0 0 0 0 0 0 0 
143 0 0 0 0 0 0 0 0 0 0 0 0 0 0 0 0 0 0 0 0 0 
56 0 0 0 0 0 0 0 0 0 0 0 0 0 0 0 0 0 0 0 0 0 
18 0 0 0 0 0 0 0 0 0 0 0 0 0 0 0 0 0 0 0 0 0 
1 0 0 0 0 0 0 0 0 0 0 0 0 0 0 0 0 0 0 0 0 0 
40000 39917 39874 39602 39290 38979 38686 38229 37843 37269 36519 35778 34755 33565 32294 30651 28852 26678 24175 21038 17171 11719 
27664 67 10 3 0 0 0 0 0 0 0 0 0 0 0 0 0 0 0 0 0 0 
22300 8 0 0 0 0 0 0 0 0 0 0 0 0 0 0 0 0 0 0 0 0 
18911 4 0 0 0 0 0 0 0 0 0 0 0 0 0 0 0 0 0 0 0 0 
16179 1 0 0 0 0 0 0 0 0 0 0 0 0 0 0 0 0 0 0 0 0 
13827 0 0 0 0 0 0 0 0 0 0 0 0 0 0 0 0 0 0 0 0 0 
11711 1 0 0 0 0 0 0 0 0 0 0 0 0 0 0 0 0 0 0 0 0 
10022 1 0 0 0 0 0 0 0 0 0 0 0 0 0 0 0 0 0 0 0 0 
8348 1 0 0 0 0 0 0 0 0 0 0 0 0 0 0 0 0 0 0 0 0 
6919 0 0 0 0 0 0 0 0 0 0 0 0 0 0 0 0 0 0 0 0 0 
5712 0 0 0 0 0 0 0 0 0 0 0 0 0 0 0 0 0 0 0 0 0 
4482 0 0 0 0 0 0 0 0 0 0 0 0 0 0 0 0 0 0 0 0 0 
3485 0 0 0 0 0 0 0 0 0 0 0 0 0 0 0 0 0 0 0 0 0 
2601 0 0 0 0 0 0 0 0 0 0 0 0 0 0 0 0 0 0 0 0 0 
1903 0 0 0 0 0 0 0 0 0 0 0 0 0 0 0 0 0 0 0 0 0 
1274 0 0 0 0 0 0 0 0 0 0 0 0 0 0 0 0 0 0 0 0 0 
818 0 0 0 0 0 0 0 0 0 0 0 0 0 0 0 0 0 0 0 0 0 
484 0 0 0 0 0 0 0 0 0 0 0 0 0 0 0 0 0 0 0 0 0 
250 0 0 0 0 0 0 0 0 0 0 0 0 0 0 0 0 0 0 0 0 0 
104 0 0 0 0 0 0 0 0 0 0 0 0 0 0 0 0 0 0 0 0 0 
24 0 0 0 0 0 0 0 0 0 0 0 0 0 0 0 0 0 0 0 0 0 
2 0 0 0 0 0 0 0 0 0 0 0 0 0 0 0 0 0 0 0 0 0 
40000 39914 39872 39611 39354 39016 38644 38241 37856 37276 36542 35738 34763 33632 32327 30853 28919 26803 24303 21169 17175 11720 
27617 27 3 1 1 0 0 0 0 0 0 0 0 0 0 0 0 0 0 0 0 0 
22363 2 0 0 0 0 0 0 0 0 0 0 0 0 0 0 0 0 0 0 0 0 
18883 0 0 0 0 0 0 0 0 0 0 0 0 0 0 0 0 0 0 0 0 0 
16062 0 0 0 0 0 0 0 0 0 0 0 0 0 0 0 0 0 0 0 0 0 
13710 0 0 0 0 0 0 0 0 0 0 0 0 0 0 0 0 0 0 0 0 0 
11679 0 0 0 0 0 0 0 0 0 0 0 0 0 0 0 0 0 0 0 0 0 
9938 0 0 0 0 0 0 0 0 0 0 0 0 0 0 0 0 0 0 0 0 0 
8238 0 0 0 0 0 0 0 0 0 0 0 0 0 0 0 0 0 0 0 0 0 
6891 0 0 0 0 0 0 0 0 0 0 0 0 0 0 0 0 0 0 0 0 0 
5591 0 0 0 0 0 0 0 0 0 0 0 0 0 0 0 0 0 0 0 0 0 
4437 0 0 0 0 0 0 0 0 0 0 0 0 0 0 0 0 0 0 0 0 0 
3442 0 0 0 0 0 0 0 0 0 0 0 0 0 0 0 0 0 0 0 0 0 
2637 0 0 0 0 0 0 0 0 0 0 0 0 0 0 0 0 0 0 0 0 0 
1876 0 0 0 0 0 0 0 0 0 0 0 0 0 0 0 0 0 0 0 0 0 
1276 0 0 0 0 0 0 0 0 0 0 0 0 0 0 0 0 0 0 0 0 0 
799 0 0 0 0 0 0 0 0 0 0 0 0 0 0 0 0 0 0 0 0 0 
451 0 0 0 0 0 0 0 0 0 0 0 0 0 0 0 0 0 0 0 0 0 
233 0 0 0 0 0 0 0 0 0 0 0 0 0 0 0 0 0 0 0 0 0 
92 0 0 0 0 0 0 0 0 0 0 0 0 0 0 0 0 0 0 0 0 0 
22 0 0 0 0 0 0 0 0 0 0 0 0 0 0 0 0 0 0 0 0 0 
1 0 0 0 0 0 0 0 0 0 0 0 0 0 0 0 0 0 0 0 0 0 
40000 39938 39905 39709 39456 39260 39006 38740 38416 37987 37470 36904 36270 35549 34516 33521 32221 30622 28837 26430 23271 18233 
21510 0 0 0 0 0 0 0 0 0 0 0 0 0 0 0 0 0 0 0 0 0 
16564 0 0 0 0 0 0 0 0 0 0 0 0 0 0 0 0 0 0 0 0 0 
13647 0 0 0 0 0 0 0 0 0 0 0 0 0 0 0 0 0 0 0 0 0 
11413 0 0 0 0 0 0 0 0 0 0 0 0 0 0 0 0 0 0 0 0 0 
9712 0 0 0 0 0 0 0 0 0 0 0 0 0 0 0 0 0 0 0 0 0 
8189 0 0 0 0 0 0 0 0 0 0 0 0 0 0 0 0 0 0 0 0 0 
6930 0 0 0 0 0 0 0 0 0 0 0 0 0 0 0 0 0 0 0 0 0 
5791 0 0 0 0 0 0 0 0 0 0 0 0 0 0 0 0 0 0 0 0 0 
4820 0 0 0 0 0 0 0 0 0 0 0 0 0 0 0 0 0 0 0 0 0 
3892 0 0 0 0 0 0 0 0 0 0 0 0 0 0 0 0 0 0 0 0 0 
3198 0 0 0 0 0 0 0 0 0 0 0 0 0 0 0 0 0 0 0 0 0 
2475 0 0 0 0 0 0 0 0 0 0 0 0 0 0 0 0 0 0 0 0 0 
1878 0 0 0 0 0 0 0 0 0 0 0 0 0 0 0 0 0 0 0 0 0 
1397 0 0 0 0 0 0 0 0 0 0 0 0 0 0 0 0 0 0 0 0 0 
975 0 0 0 0 0 0 0 0 0 0 0 0 0 0 0 0 0 0 0 0 0 
666 0 0 0 0 0 0 0 0 0 0 0 0 0 0 0 0 0 0 0 0 0 
384 0 0 0 0 0 0 0 0 0 0 0 0 0 0 0 0 0 0 0 0 0 
191 0 0 0 0 0 0 0 0 0 0 0 0 0 0 0 0 0 0 0 0 0 
78 0 0 0 0 0 0 0 0 0 0 0 0 0 0 0 0 0 0 0 0 0 
25 0 0 0 0 0 0 0 0 0 0 0 0 0 0 0 0 0 0 0 0 0 
4 0 0 0 0 0 0 0 0 0 0 0 0 0 0 0 0 0 0 0 0 0 
20000 19942 19774 19362 18337 17597 16312 15121 13311 11826 10140 8649 7040 5850 4661 3794 2955 2412 1805 1397 979 703 
18610 17761 16461 14523 10768 8118 5216 3460 1843 1052 399 157 91 37 30 12 10 2 0 1 0 0 
15618 13216 9163 5231 1461 537 93 45 13 5 3 0 1 0 0 0 0 0 0 0 0 0 
13119 9449 4797 1698 186 57 4 2 1 0 0 0 0 0 0 0 0 0 0 0 0 0 
9965 5442 1805 387 18 4 0 1 0 0 0 0 0 0 0 0 0 0 0 0 0 0 
7520 3070 559 76 8 2 0 0 0 0 0 0 0 0 0 0 0 0 0 0 0 0 
5062 1318 160 31 0 0 0 0 0 0 0 0 0 0 0 0 0 0 0 0 0 0 
3447 591 48 3 0 0 0 0 0 0 0 0 0 0 0 0 0 0 0 0 0 0 
2101 204 17 2 0 0 0 0 0 0 0 0 0 0 0 0 0 0 0 0 0 0 
1271 78 11 1 0 0 0 0 0 0 0 0 0 0 0 0 0 0 0 0 0 0 
745 24 1 0 0 0 0 0 0 0 0 0 0 0 0 0 0 0 0 0 0 0 
422 10 1 0 0 0 0 0 0 0 0 0 0 0 0 0 0 0 0 0 0 0 
192 3 1 0 0 0 0 0 0 0 0 0 0 0 0 0 0 0 0 0 0 0 
111 2 0 0 0 0 0 0 0 0 0 0 0 0 0 0 0 0 0 0 0 0 
35 1 0 0 0 0 0 0 0 0 0 0 0 0 0 0 0 0 0 0 0 0 
20 0 0 0 0 0 0 0 0 0 0 0 0 0 0 0 0 0 0 0 0 0 
7 0 0 0 0 0 0 0 0 0 0 0 0 0 0 0 0 0 0 0 0 0 
3 0 0 0 0 0 0 0 0 0 0 0 0 0 0 0 0 0 0 0 0 0 
1 0 0 0 0 0 0 0 0 0 0 0 0 0 0 0 0 0 0 0 0 0 
1 0 0 0 0 0 0 0 0 0 0 0 0 0 0 0 0 0 0 0 0 0 
1 0 0 0 0 0 0 0 0 0 0 0 0 0 0 0 0 0 0 0 0 0 
0 0 0 0 0 0 0 0 0 0 0 0 0 0 0 0 0 0 0 0 0 0 
20000 19951 19859 19483 18961 18305 17500 16483 15254 14050 12762 11380 10117 8870 7769 6801 5863 4965 4184 3392 2619 1805 
17296 14880 12602 9590 6876 4602 2869 1705 948 461 210 58 28 10 0 0 0 0 0 0 0 0 
14786 10480 6703 3082 1138 300 57 9 0 0 0 0 0 0 0 0 0 0 0 0 0 0 
12479 7104 3311 790 134 9 0 0 0 0 0 0 0 0 0 0 0 0 0 0 0 0 
10181 4358 1374 140 4 0 0 0 0 0 0 0 0 0 0 0 0 0 0 0 0 0 
7996 2340 453 13 0 0 0 0 0 0 0 0 0 0 0 0 0 0 0 0 0 0 
5940 1102 113 0 0 0 0 0 0 0 0 0 0 0 0 0 0 0 0 0 0 0 
4336 460 16 0 0 0 0 0 0 0 0 0 0 0 0 0 0 0 0 0 0 0 
2927 162 3 0 0 0 0 0 0 0 0 0 0 0 0 0 0 0 0 0 0 0 
1941 51 2 0 0 0 0 0 0 0 0 0 0 0 0 0 0 0 0 0 0 0 
1294 11 0 0 0 0 0 0 0 0 0 0 0 0 0 0 0 0 0 0 0 0 
815 2 0 0 0 0 0 0 0 0 0 0 0 0 0 0 0 0 0 0 0 0 
499 0 0 0 0 0 0 0 0 0 0 0 0 0 0 0 0 0 0 0 0 0 
285 0 0 0 0 0 0 0 0 0 0 0 0 0 0 0 0 0 0 0 0 0 
159 0 0 0 0 0 0 0 0 0 0 0 0 0 0 0 0 0 0 0 0 0 
68 0 0 0 0 0 0 0 0 0 0 0 0 0 0 0 0 0 0 0 0 0 
38 0 0 0 0 0 0 0 0 0 0 0 0 0 0 0 0 0 0 0 0 0 
20 0 0 0 0 0 0 0 0 0 0 0 0 0 0 0 0 0 0 0 0 0 
6 0 0 0 0 0 0 0 0 0 0 0 0 0 0 0 0 0 0 0 0 0 
1 0 0 0 0 0 0 0 0 0 0 0 0 0 0 0 0 0 0 0 0 0 
0 0 0 0 0 0 0 0 0 0 0 0 0 0 0 0 0 0 0 0 0 0 
0 0 0 0 0 0 0 0 0 0 0 0 0 0 0 0 0 0 0 0 0 0 
20000 19945 19880 19591 19177 18656 18035 17373 16552 15649 14637 13543 12483 11325 10225 9105 8087 7030 5890 4874 3728 2605 
16578 13099 10270 7497 5250 3634 2377 1505 864 473 200 70 20 6 5 0 0 0 0 0 0 0 
13556 8075 4396 1835 549 159 34 7 1 1 0 0 0 0 0 0 0 0 0 0 0 0 
11118 5064 1968 432 50 9 1 0 0 0 0 0 0 0 0 0 0 0 0 0 0 0 
9047 3036 753 79 1 0 0 0 0 0 0 0 0 0 0 0 0 0 0 0 0 0 
7117 1606 243 17 0 0 0 0 0 0 0 0 0 0 0 0 0 0 0 0 0 0 
5525 834 74 2 0 0 0 0 0 0 0 0 0 0 0 0 0 0 0 0 0 0 
4117 368 13 1 0 0 0 0 0 0 0 0 0 0 0 0 0 0 0 0 0 0 
3034 130 1 0 0 0 0 0 0 0 0 0 0 0 0 0 0 0 0 0 0 0 
2175 46 0 0 0 0 0 0 0 0 0 0 0 0 0 0 0 0 0 0 0 0 
1561 14 1 0 0 0 0 0 0 0 0 0 0 0 0 0 0 0 0 0 0 0 
1010 0 0 0 0 0 0 0 0 0 0 0 0 0 0 0 0 0 0 0 0 0 
693 1 0 0 0 0 0 0 0 0 0 0 0 0 0 0 0 0 0 0 0 0 
433 0 0 0 0 0 0 0 0 0 0 0 0 0 0 0 0 0 0 0 0 0 
270 0 0 0 0 0 0 0 0 0 0 0 0 0 0 0 0 0 0 0 0 0 
160 0 0 0 0 0 0 0 0 0 0 0 0 0 0 0 0 0 0 0 0 0 
88 0 0 0 0 0 0 0 0 0 0 0 0 0 0 0 0 0 0 0 0 0 
42 0 0 0 0 0 0 0 0 0 0 0 0 0 0 0 0 0 0 0 0 0 
12 0 0 0 0 0 0 0 0 0 0 0 0 0 0 0 0 0 0 0 0 0 
3 0 0 0 0 0 0 0 0 0 0 0 0 0 0 0 0 0 0 0 0 0 
0 0 0 0 0 0 0 0 0 0 0 0 0 0 0 0 0 0 0 0 0 0 
0 0 0 0 0 0 0 0 0 0 0 0 0 0 0 0 0 0 0 0 0 0 
20000 19963 19948 19794 19702 19553 19380 19195 18969 18692 18391 17958 17544 17004 16406 15709 14873 13965 12806 11414 9640 7128 
12517 1715 779 398 246 154 96 48 27 11 3 2 2 0 0 0 0 0 0 0 0 0 
9931 643 159 42 5 2 0 0 0 0 0 0 0 0 0 0 0 0 0 0 0 0 
8258 327 59 10 1 0 0 0 0 0 0 0 0 0 0 0 0 0 0 0 0 0 
6958 175 18 2 0 0 0 0 0 0 0 0 0 0 0 0 0 0 0 0 0 0 
5817 87 4 0 0 0 0 0 0 0 0 0 0 0 0 0 0 0 0 0 0 0 
4905 55 1 0 0 0 0 0 0 0 0 0 0 0 0 0 0 0 0 0 0 0 
4144 26 0 0 0 0 0 0 0 0 0 0 0 0 0 0 0 0 0 0 0 0 
3423 9 0 0 0 0 0 0 0 0 0 0 0 0 0 0 0 0 0 0 0 0 
2809 1 0 0 0 0 0 0 0 0 0 0 0 0 0 0 0 0 0 0 0 0 
2260 0 0 0 0 0 0 0 0 0 0 0 0 0 0 0 0 0 0 0 0 0 
1738 0 0 0 0 0 0 0 0 0 0 0 0 0 0 0 0 0 0 0 0 0 
1337 0 0 0 0 0 0 0 0 0 0 0 0 0 0 0 0 0 0 0 0 0 
985 0 0 0 0 0 0 0 0 0 0 0 0 0 0 0 0 0 0 0 0 0 
690 0 0 0 0 0 0 0 0 0 0 0 0 0 0 0 0 0 0 0 0 0 
474 0 0 0 0 0 0 0 0 0 0 0 0 0 0 0 0 0 0 0 0 0 
300 0 0 0 0 0 0 0 0 0 0 0 0 0 0 0 0 0 0 0 0 0 
174 0 0 0 0 0 0 0 0 0 0 0 0 0 0 0 0 0 0 0 0 0 
91 0 0 0 0 0 0 0 0 0 0 0 0 0 0 0 0 0 0 0 0 0 
35 0 0 0 0 0 0 0 0 0 0 0 0 0 0 0 0 0 0 0 0 0 
13 0 0 0 0 0 0 0 0 0 0 0 0 0 0 0 0 0 0 0 0 0 
0 0 0 0 0 0 0 0 0 0 0 0 0 0 0 0 0 0 0 0 0 0 
20000 19958 19864 19624 19347 18927 18512 17961 17281 16589 15699 14852 13731 12741 11510 10308 8989 7730 6415 5113 3726 2382 
16821 11363 7783 5176 3400 2186 1394 835 513 264 112 40 13 5 2 0 0 0 0 0 0 0 
14058 6173 2663 874 226 58 9 0 0 1 0 0 0 0 0 0 0 0 0 0 0 0 
11986 3655 1068 173 23 1 0 0 0 0 0 0 0 0 0 0 0 0 0 0 0 0 
9884 2028 361 33 0 0 0 0 0 0 0 0 0 0 0 0 0 0 0 0 0 0 
8086 1108 111 5 0 0 0 0 0 0 0 0 0 0 0 0 0 0 0 0 0 0 
6599 550 27 0 0 0 0 0 0 0 0 0 0 0 0 0 0 0 0 0 0 0 
5183 241 7 0 0 0 0 0 0 0 0 0 0 0 0 0 0 0 0 0 0 0 
3995 108 1 0 0 0 0 0 0 0 0 0 0 0 0 0 0 0 0 0 0 0 
3030 36 0 0 0 0 0 0 0 0 0 0 0 0 0 0 0 0 0 0 0 0 
2196 10 0 0 0 0 0 0 0 0 0 0 0 0 0 0 0 0 0 0 0 0 
1561 3 0 0 0 0 0 0 0 0 0 0 0 0 0 0 0 0 0 0 0 0 
1083 1 0 0 0 0 0 0 0 0 0 0 0 0 0 0 0 0 0 0 0 0 
674 1 0 0 0 0 0 0 0 0 0 0 0 0 0 0 0 0 0 0 0 0 
433 0 0 0 0 0 0 0 0 0 0 0 0 0 0 0 0 0 0 0 0 0 
259 0 0 0 0 0 0 0 0 0 0 0 0 0 0 0 0 0 0 0 0 0 
153 0 0 0 0 0 0 0 0 0 0 0 0 0 0 0 0 0 0 0 0 0 
59 0 0 0 0 0 0 0 0 0 0 0 0 0 0 0 0 0 0 0 0 0 
27 0 0 0 0 0 0 0 0 0 0 0 0 0 0 0 0 0 0 0 0 0 
10 0 0 0 0 0 0 0 0 0 0 0 0 0 0 0 0 0 0 0 0 0 
2 0 0 0 0 0 0 0 0 0 0 0 0 0 0 0 0 0 0 0 0 0 
1 0 0 0 0 0 0 0 0 0 0 0 0 0 0 0 0 0 0 0 0 0 
20000 19957 19940 19817 19650 19523 19364 19188 18947 18656 18355 17868 17386 16821 16176 15385 14498 13455 12193 10565 8604 5922 
13680 538 152 66 31 17 10 5 2 2 0 0 0 0 0 0 0 0 0 0 0 0 
11094 138 14 3 0 0 0 0 0 0 0 0 0 0 0 0 0 0 0 0 0 0 
9312 69 7 0 0 0 0 0 0 0 0 0 0 0 0 0 0 0 0 0 0 0 
7915 32 0 0 0 0 0 0 0 0 0 0 0 0 0 0 0 0 0 0 0 0 
6748 14 0 0 0 0 0 0 0 0 0 0 0 0 0 0 0 0 0 0 0 0 
5727 7 0 0 0 0 0 0 0 0 0 0 0 0 0 0 0 0 0 0 0 0 
4835 6 0 0 0 0 0 0 0 0 0 0 0 0 0 0 0 0 0 0 0 0 
4027 2 0 0 0 0 0 0 0 0 0 0 0 0 0 0 0 0 0 0 0 0 
3307 0 0 0 0 0 0 0 0 0 0 0 0 0 0 0 0 0 0 0 0 0 
2739 0 0 0 0 0 0 0 0 0 0 0 0 0 0 0 0 0 0 0 0 0 
2163 0 0 0 0 0 0 0 0 0 0 0 0 0 0 0 0 0 0 0 0 0 
1654 0 0 0 0 0 0 0 0 0 0 0 0 0 0 0 0 0 0 0 0 0 
1236 0 0 0 0 0 0 0 0 0 0 0 0 0 0 0 0 0 0 0 0 0 
862 0 0 0 0 0 0 0 0 0 0 0 0 0 0 0 0 0 0 0 0 0 
559 0 0 0 0 0 0 0 0 0 0 0 0 0 0 0 0 0 0 0 0 0 
364 0 0 0 0 0 0 0 0 0 0 0 0 0 0 0 0 0 0 0 0 0 
213 0 0 0 0 0 0 0 0 0 0 0 0 0 0 0 0 0 0 0 0 0 
115 0 0 0 0 0 0 0 0 0 0 0 0 0 0 0 0 0 0 0 0 0 
48 0 0 0 0 0 0 0 0 0 0 0 0 0 0 0 0 0 0 0 0 0 
14 0 0 0 0 0 0 0 0 0 0 0 0 0 0 0 0 0 0 0 0 0 
3 0 0 0 0 0 0 0 0 0 0 0 0 0 0 0 0 0 0 0 0 0 
20000 19963 19925 19805 19673 19506 19360 19078 18842 18631 18288 17843 17314 16743 16039 15257 14314 13197 11907 10256 8251 5474 
14152 311 76 36 14 7 3 3 2 1 0 0 0 0 0 0 0 0 0 0 0 0 
11490 59 5 0 0 0 0 0 0 0 0 0 0 0 0 0 0 0 0 0 0 0 
9641 30 2 0 0 0 0 0 0 0 0 0 0 0 0 0 0 0 0 0 0 0 
8200 16 1 0 0 0 0 0 0 0 0 0 0 0 0 0 0 0 0 0 0 0 
7057 11 1 0 0 0 0 0 0 0 0 0 0 0 0 0 0 0 0 0 0 0 
5956 2 0 0 0 0 0 0 0 0 0 0 0 0 0 0 0 0 0 0 0 0 
5058 1 0 0 0 0 0 0 0 0 0 0 0 0 0 0 0 0 0 0 0 0 
4264 0 0 0 0 0 0 0 0 0 0 0 0 0 0 0 0 0 0 0 0 0 
3513 0 0 0 0 0 0 0 0 0 0 0 0 0 0 0 0 0 0 0 0 0 
2860 0 0 0 0 0 0 0 0 0 0 0 0 0 0 0 0 0 0 0 0 0 
2238 0 0 0 0 0 0 0 0 0 0 0 0 0 0 0 0 0 0 0 0 0 
1734 0 0 0 0 0 0 0 0 0 0 0 0 0 0 0 0 0 0 0 0 0 
1260 0 0 0 0 0 0 0 0 0 0 0 0 0 0 0 0 0 0 0 0 0 
890 0 0 0 0 0 0 0 0 0 0 0 0 0 0 0 0 0 0 0 0 0 
622 0 0 0 0 0 0 0 0 0 0 0 0 0 0 0 0 0 0 0 0 0 
406 0 0 0 0 0 0 0 0 0 0 0 0 0 0 0 0 0 0 0 0 0 
242 0 0 0 0 0 0 0 0 0 0 0 0 0 0 0 0 0 0 0 0 0 
110 0 0 0 0 0 0 0 0 0 0 0 0 0 0 0 0 0 0 0 0 0 
47 0 0 0 0 0 0 0 0 0 0 0 0 0 0 0 0 0 0 0 0 0 
12 0 0 0 0 0 0 0 0 0 0 0 0 0 0 0 0 0 0 0 0 0 
1 0 0 0 0 0 0 0 0 0 0 0 0 0 0 0 0 0 0 0 0 0 
20000 19962 19933 19846 19711 19603 19463 19337 19085 18895 18696 18404 18024 17607 17090 16587 15875 15068 14028 12815 11195 8564 
11276 0 0 0 0 0 0 0 0 0 0 0 0 0 0 0 0 0 0 0 0 0 
8749 0 0 0 0 0 0 0 0 0 0 0 0 0 0 0 0 0 0 0 0 0 
7218 0 0 0 0 0 0 0 0 0 0 0 0 0 0 0 0 0 0 0 0 0 
6097 0 0 0 0 0 0 0 0 0 0 0 0 0 0 0 0 0 0 0 0 0 
5176 0 0 0 0 0 0 0 0 0 0 0 0 0 0 0 0 0 0 0 0 0 
4393 0 0 0 0 0 0 0 0 0 0 0 0 0 0 0 0 0 0 0 0 0 
3689 0 0 0 0 0 0 0 0 0 0 0 0 0 0 0 0 0 0 0 0 0 
3087 0 0 0 0 0 0 0 0 0 0 0 0 0 0 0 0 0 0 0 0 0 
2506 0 0 0 0 0 0 0 0 0 0 0 0 0 0 0 0 0 0 0 0 0 
2067 0 0 0 0 0 0 0 0 0 0 0 0 0 0 0 0 0 0 0 0 0 
1650 0 0 0 0 0 0 0 0 0 0 0 0 0 0 0 0 0 0 0 0 0 
1306 0 0 0 0 0 0 0 0 0 0 0 0 0 0 0 0 0 0 0 0 0 
985 0 0 0 0 0 0 0 0 0 0 0 0 0 0 0 0 0 0 0 0 0 
740 0 0 0 0 0 0 0 0 0 0 0 0 0 0 0 0 0 0 0 0 0 
528 0 0 0 0 0 0 0 0 0 0 0 0 0 0 0 0 0 0 0 0 0 
371 0 0 0 0 0 0 0 0 0 0 0 0 0 0 0 0 0 0 0 0 0 
209 0 0 0 0 0 0 0 0 0 0 0 0 0 0 0 0 0 0 0 0 0 
104 0 0 0 0 0 0 0 0 0 0 0 0 0 0 0 0 0 0 0 0 0 
49 0 0 0 0 0 0 0 0 0 0 0 0 0 0 0 0 0 0 0 0 0 
10 0 0 0 0 0 0 0 0 0 0 0 0 0 0 0 0 0 0 0 0 0 
2 0 0 0 0 0 0 0 0 0 0 0 0 0 0 0 0 0 0 0 0 0 
20000 19950 19871 19649 19400 19035 18705 18312 17714 17116 16376 15506 14384 13215 12055 10720 9274 7790 6344 4829 3348 1859 
17343 9194 5311 3114 1928 1257 761 464 259 123 42 22 9 2 0 0 0 0 0 0 0 0 
14903 4311 1394 342 82 17 3 0 0 0 0 0 0 0 0 0 0 0 0 0 0 0 
13041 2446 449 57 5 0 0 0 0 0 0 0 0 0 0 0 0 0 0 0 0 0 
11204 1287 155 10 1 0 0 0 0 0 0 0 0 0 0 0 0 0 0 0 0 0 
9475 648 25 0 0 0 0 0 0 0 0 0 0 0 0 0 0 0 0 0 0 0 
7960 341 6 0 0 0 0 0 0 0 0 0 0 0 0 0 0 0 0 0 0 0 
6569 150 0 0 0 0 0 0 0 0 0 0 0 0 0 0 0 0 0 0 0 0 
5256 58 0 0 0 0 0 0 0 0 0 0 0 0 0 0 0 0 0 0 0 0 
4205 18 0 0 0 0 0 0 0 0 0 0 0 0 0 0 0 0 0 0 0 0 
3234 5 0 0 0 0 0 0 0 0 0 0 0 0 0 0 0 0 0 0 0 0 
2434 1 0 0 0 0 0 0 0 0 0 0 0 0 0 0 0 0 0 0 0 0 
1738 0 0 0 0 0 0 0 0 0 0 0 0 0 0 0 0 0 0 0 0 0 
1194 0 0 0 0 0 0 0 0 0 0 0 0 0 0 0 0 0 0 0 0 0 
751 0 0 0 0 0 0 0 0 0 0 0 0 0 0 0 0 0 0 0 0 0 
469 0 0 0 0 0 0 0 0 0 0 0 0 0 0 0 0 0 0 0 0 0 
278 0 0 0 0 0 0 0 0 0 0 0 0 0 0 0 0 0 0 0 0 0 
136 0 0 0 0 0 0 0 0 0 0 0 0 0 0 0 0 0 0 0 0 0 
49 0 0 0 0 0 0 0 0 0 0 0 0 0 0 0 0 0 0 0 0 0 
10 0 0 0 0 0 0 0 0 0 0 0 0 0 0 0 0 0 0 0 0 0 
1 0 0 0 0 0 0 0 0 0 0 0 0 0 0 0 0 0 0 0 0 0 
1 0 0 0 0 0 0 0 0 0 0 0 0 0 0 0 0 0 0 0 0 0 
20000 19950 19940 19787 19602 19439 19289 19027 18776 18415 18032 17644 17096 16397 15635 14805 13684 12446 10930 9245 7202 4559 
14985 157 25 11 3 2 4 3 1 0 0 0 0 0 0 0 0 0 0 0 0 0 
12491 21 2 0 0 0 0 0 0 0 0 0 0 0 0 0 0 0 0 0 0 0 
10704 12 1 0 0 0 0 0 0 0 0 0 0 0 0 0 0 0 0 0 0 0 
9162 2 0 0 0 0 0 0 0 0 0 0 0 0 0 0 0 0 0 0 0 0 
7848 1 0 0 0 0 0 0 0 0 0 0 0 0 0 0 0 0 0 0 0 0 
6720 1 0 0 0 0 0 0 0 0 0 0 0 0 0 0 0 0 0 0 0 0 
5582 0 0 0 0 0 0 0 0 0 0 0 0 0 0 0 0 0 0 0 0 0 
4732 0 0 0 0 0 0 0 0 0 0 0 0 0 0 0 0 0 0 0 0 0 
3868 0 0 0 0 0 0 0 0 0 0 0 0 0 0 0 0 0 0 0 0 0 
3170 0 0 0 0 0 0 0 0 0 0 0 0 0 0 0 0 0 0 0 0 0 
2526 0 0 0 0 0 0 0 0 0 0 0 0 0 0 0 0 0 0 0 0 0 
1973 0 0 0 0 0 0 0 0 0 0 0 0 0 0 0 0 0 0 0 0 0 
1467 0 0 0 0 0 0 0 0 0 0 0 0 0 0 0 0 0 0 0 0 0 
1069 0 0 0 0 0 0 0 0 0 0 0 0 0 0 0 0 0 0 0 0 0 
709 0 0 0 0 0 0 0 0 0 0 0 0 0 0 0 0 0 0 0 0 0 
444 0 0 0 0 0 0 0 0 0 0 0 0 0 0 0 0 0 0 0 0 0 
233 0 0 0 0 0 0 0 0 0 0 0 0 0 0 0 0 0 0 0 0 0 
111 0 0 0 0 0 0 0 0 0 0 0 0 0 0 0 0 0 0 0 0 0 
46 0 0 0 0 0 0 0 0 0 0 0 0 0 0 0 0 0 0 0 0 0 
12 0 0 0 0 0 0 0 0 0 0 0 0 0 0 0 0 0 0 0 0 0 
2 0 0 0 0 0 0 0 0 0 0 0 0 0 0 0 0 0 0 0 0 0 
20000 19956 19923 19771 19633 19427 19199 19061 18731 18436 17994 17531 16933 16311 15484 14616 13474 12184 10753 9033 6981 4355 
15219 94 19 3 2 2 1 2 1 1 0 0 0 0 0 0 0 0 0 0 0 0 
12681 10 0 0 0 0 0 0 0 0 0 0 0 0 0 0 0 0 0 0 0 0 
10874 4 0 0 0 0 0 0 0 0 0 0 0 0 0 0 0 0 0 0 0 0 
9392 0 0 0 0 0 0 0 0 0 0 0 0 0 0 0 0 0 0 0 0 0 
8064 0 0 0 0 0 0 0 0 0 0 0 0 0 0 0 0 0 0 0 0 0 
6920 0 0 0 0 0 0 0 0 0 0 0 0 0 0 0 0 0 0 0 0 0 
5962 0 0 0 0 0 0 0 0 0 0 0 0 0 0 0 0 0 0 0 0 0 
4850 0 0 0 0 0 0 0 0 0 0 0 0 0 0 0 0 0 0 0 0 0 
4082 0 0 0 0 0 0 0 0 0 0 0 0 0 0 0 0 0 0 0 0 0 
3258 0 0 0 0 0 0 0 0 0 0 0 0 0 0 0 0 0 0 0 0 0 
2612 0 0 0 0 0 0 0 0 0 0 0 0 0 0 0 0 0 0 0 0 0 
2015 0 0 0 0 0 0 0 0 0 0 0 0 0 0 0 0 0 0 0 0 0 
1515 0 0 0 0 0 0 0 0 0 0 0 0 0 0 0 0 0 0 0 0 0 
1083 0 0 0 0 0 0 0 0 0 0 0 0 0 0 0 0 0 0 0 0 0 
690 0 0 0 0 0 0 0 0 0 0 0 0 0 0 0 0 0 0 0 0 0 
446 0 0 0 0 0 0 0 0 0 0 0 0 0 0 0 0 0 0 0 0 0 
240 0 0 0 0 0 0 0 0 0 0 0 0 0 0 0 0 0 0 0 0 0 
122 0 0 0 0 0 0 0 0 0 0 0 0 0 0 0 0 0 0 0 0 0 
41 0 0 0 0 0 0 0 0 0 0 0 0 0 0 0 0 0 0 0 0 0 
9 0 0 0 0 0 0 0 0 0 0 0 0 0 0 0 0 0 0 0 0 0 
0 0 0 0 0 0 0 0 0 0 0 0 0 0 0 0 0 0 0 0 0 0 
20000 19980 19944 19814 19706 19562 19440 19253 18988 18729 18504 18142 17753 17308 16774 16101 15271 14399 13324 11909 10094 7366 
12431 0 0 0 0 0 0 0 0 0 0 0 0 0 0 0 0 0 0 0 0 0 
9834 0 0 0 0 0 0 0 0 0 0 0 0 0 0 0 0 0 0 0 0 0 
8081 0 0 0 0 0 0 0 0 0 0 0 0 0 0 0 0 0 0 0 0 0 
6909 0 0 0 0 0 0 0 0 0 0 0 0 0 0 0 0 0 0 0 0 0 
5822 0 0 0 0 0 0 0 0 0 0 0 0 0 0 0 0 0 0 0 0 0 
4911 0 0 0 0 0 0 0 0 0 0 0 0 0 0 0 0 0 0 0 0 0 
4188 0 0 0 0 0 0 0 0 0 0 0 0 0 0 0 0 0 0 0 0 0 
3510 0 0 0 0 0 0 0 0 0 0 0 0 0 0 0 0 0 0 0 0 0 
2861 0 0 0 0 0 0 0 0 0 0 0 0 0 0 0 0 0 0 0 0 0 
2356 0 0 0 0 0 0 0 0 0 0 0 0 0 0 0 0 0 0 0 0 0 
1882 0 0 0 0 0 0 0 0 0 0 0 0 0 0 0 0 0 0 0 0 0 
1485 0 0 0 0 0 0 0 0 0 0 0 0 0 0 0 0 0 0 0 0 0 
1139 0 0 0 0 0 0 0 0 0 0 0 0 0 0 0 0 0 0 0 0 0 
870 0 0 0 0 0 0 0 0 0 0 0 0 0 0 0 0 0 0 0 0 0 
588 0 0 0 0 0 0 0 0 0 0 0 0 0 0 0 0 0 0 0 0 0 
378 0 0 0 0 0 0 0 0 0 0 0 0 0 0 0 0 0 0 0 0 0 
229 0 0 0 0 0 0 0 0 0 0 0 0 0 0 0 0 0 0 0 0 0 
110 0 0 0 0 0 0 0 0 0 0 0 0 0 0 0 0 0 0 0 0 0 
41 0 0 0 0 0 0 0 0 0 0 0 0 0 0 0 0 0 0 0 0 0 
12 0 0 0 0 0 0 0 0 0 0 0 0 0 0 0 0 0 0 0 0 0 
2 0 0 0 0 0 0 0 0 0 0 0 0 0 0 0 0 0 0 0 0 0 
20000 19973 19937 19750 19623 19434 19211 18965 18647 18349 17938 17479 16873 16212 15410 14511 13498 12209 10805 9086 7044 4378 
15177 32 4 0 0 0 0 0 0 0 0 0 0 0 0 0 0 0 0 0 0 0 
12649 5 0 0 0 0 0 0 0 0 0 0 0 0 0 0 0 0 0 0 0 0 
10889 3 0 0 0 0 0 0 0 0 0 0 0 0 0 0 0 0 0 0 0 0 
9365 1 0 0 0 0 0 0 0 0 0 0 0 0 0 0 0 0 0 0 0 0 
8065 1 0 0 0 0 0 0 0 0 0 0 0 0 0 0 0 0 0 0 0 0 
6910 1 0 0 0 0 0 0 0 0 0 0 0 0 0 0 0 0 0 0 0 0 
5829 0 0 0 0 0 0 0 0 0 0 0 0 0 0 0 0 0 0 0 0 0 
4927 0 0 0 0 0 0 0 0 0 0 0 0 0 0 0 0 0 0 0 0 0 
4082 0 0 0 0 0 0 0 0 0 0 0 0 0 0 0 0 0 0 0 0 0 
3387 0 0 0 0 0 0 0 0 0 0 0 0 0 0 0 0 0 0 0 0 0 
2679 0 0 0 0 0 0 0 0 0 0 0 0 0 0 0 0 0 0 0 0 0 
2106 0 0 0 0 0 0 0 0 0 0 0 0 0 0 0 0 0 0 0 0 0 
1585 0 0 0 0 0 0 0 0 0 0 0 0 0 0 0 0 0 0 0 0 0 
1140 0 0 0 0 0 0 0 0 0 0 0 0 0 0 0 0 0 0 0 0 0 
832 0 0 0 0 0 0 0 0 0 0 0 0 0 0 0 0 0 0 0 0 0 
498 0 0 0 0 0 0 0 0 0 0 0 0 0 0 0 0 0 0 0 0 0 
294 0 0 0 0 0 0 0 0 0 0 0 0 0 0 0 0 0 0 0 0 0 
143 0 0 0 0 0 0 0 0 0 0 0 0 0 0 0 0 0 0 0 0 0 
50 0 0 0 0 0 0 0 0 0 0 0 0 0 0 0 0 0 0 0 0 0 
13 0 0 0 0 0 0 0 0 0 0 0 0 0 0 0 0 0 0 0 0 0 
1 0 0 0 0 0 0 0 0 0 0 0 0 0 0 0 0 0 0 0 0 0 
20000 19968 19961 19822 19707 19540 19424 19230 19046 18796 18524 18162 17770 17311 16758 16159 15388 14427 13343 11924 10087 7394 
12402 0 0 0 0 0 0 0 0 0 0 0 0 0 0 0 0 0 0 0 0 0 
9785 0 0 0 0 0 0 0 0 0 0 0 0 0 0 0 0 0 0 0 0 0 
8113 0 0 0 0 0 0 0 0 0 0 0 0 0 0 0 0 0 0 0 0 0 
6811 0 0 0 0 0 0 0 0 0 0 0 0 0 0 0 0 0 0 0 0 0 
5783 0 0 0 0 0 0 0 0 0 0 0 0 0 0 0 0 0 0 0 0 0 
4877 0 0 0 0 0 0 0 0 0 0 0 0 0 0 0 0 0 0 0 0 0 
4174 0 0 0 0 0 0 0 0 0 0 0 0 0 0 0 0 0 0 0 0 0 
3486 0 0 0 0 0 0 0 0 0 0 0 0 0 0 0 0 0 0 0 0 0 
2906 0 0 0 0 0 0 0 0 0 0 0 0 0 0 0 0 0 0 0 0 0 
2340 0 0 0 0 0 0 0 0 0 0 0 0 0 0 0 0 0 0 0 0 0 
1896 0 0 0 0 0 0 0 0 0 0 0 0 0 0 0 0 0 0 0 0 0 
1480 0 0 0 0 0 0 0 0 0 0 0 0 0 0 0 0 0 0 0 0 0 
1100 0 0 0 0 0 0 0 0 0 0 0 0 0 0 0 0 0 0 0 0 0 
805 0 0 0 0 0 0 0 0 0 0 0 0 0 0 0 0 0 0 0 0 0 
551 0 0 0 0 0 0 0 0 0 0 0 0 0 0 0 0 0 0 0 0 0 
353 0 0 0 0 0 0 0 0 0 0 0 0 0 0 0 0 0 0 0 0 0 
215 0 0 0 0 0 0 0 0 0 0 0 0 0 0 0 0 0 0 0 0 0 
113 0 0 0 0 0 0 0 0 0 0 0 0 0 0 0 0 0 0 0 0 0 
47 0 0 0 0 0 0 0 0 0 0 0 0 0 0 0 0 0 0 0 0 0 
18 0 0 0 0 0 0 0 0 0 0 0 0 0 0 0 0 0 0 0 0 0 
4 0 0 0 0 0 0 0 0 0 0 0 0 0 0 0 0 0 0 0 0 0 
20000 19972 19946 19811 19678 19548 19404 19229 19003 18755 18475 18163 17755 17348 16736 16116 15391 14435 13279 11933 10103 7417 
12400 0 0 0 0 0 0 0 0 0 0 0 0 0 0 0 0 0 0 0 0 0 
9710 0 0 0 0 0 0 0 0 0 0 0 0 0 0 0 0 0 0 0 0 0 
8121 0 0 0 0 0 0 0 0 0 0 0 0 0 0 0 0 0 0 0 0 0 
6925 0 0 0 0 0 0 0 0 0 0 0 0 0 0 0 0 0 0 0 0 0 
5812 0 0 0 0 0 0 0 0 0 0 0 0 0 0 0 0 0 0 0 0 0 
4909 0 0 0 0 0 0 0 0 0 0 0 0 0 0 0 0 0 0 0 0 0 
4113 0 0 0 0 0 0 0 0 0 0 0 0 0 0 0 0 0 0 0 0 0 
3438 0 0 0 0 0 0 0 0 0 0 0 0 0 0 0 0 0 0 0 0 0 
2842 0 0 0 0 0 0 0 0 0 0 0 0 0 0 0 0 0 0 0 0 0 
2343 0 0 0 0 0 0 0 0 0 0 0 0 0 0 0 0 0 0 0 0 0 
1893 0 0 0 0 0 0 0 0 0 0 0 0 0 0 0 0 0 0 0 0 0 
1519 0 0 0 0 0 0 0 0 0 0 0 0 0 0 0 0 0 0 0 0 0 
1157 0 0 0 0 0 0 0 0 0 0 0 0 0 0 0 0 0 0 0 0 0 
848 0 0 0 0 0 0 0 0 0 0 0 0 0 0 0 0 0 0 0 0 0 
609 0 0 0 0 0 0 0 0 0 0 0 0 0 0 0 0 0 0 0 0 0 
415 0 0 0 0 0 0 0 0 0 0 0 0 0 0 0 0 0 0 0 0 0 
255 0 0 0 0 0 0 0 0 0 0 0 0 0 0 0 0 0 0 0 0 0 
127 0 0 0 0 0 0 0 0 0 0 0 0 0 0 0 0 0 0 0 0 0 
53 0 0 0 0 0 0 0 0 0 0 0 0 0 0 0 0 0 0 0 0 0 
12 0 0 0 0 0 0 0 0 0 0 0 0 0 0 0 0 0 0 0 0 0 
2 0 0 0 0 0 0 0 0 0 0 0 0 0 0 0 0 0 0 0 0 0 
20000 19972 19953 19876 19773 19651 19560 19416 19265 19113 18887 18653 18349 18040 17652 17193 16720 16102 15377 14333 12959 10560 
9296 0 0 0 0 0 0 0 0 0 0 0 0 0 0 0 0 0 0 0 0 0 
7067 0 0 0 0 0 0 0 0 0 0 0 0 0 0 0 0 0 0 0 0 0 
5714 0 0 0 0 0 0 0 0 0 0 0 0 0 0 0 0 0 0 0 0 0 
4807 0 0 0 0 0 0 0 0 0 0 0 0 0 0 0 0 0 0 0 0 0 
4046 0 0 0 0 0 0 0 0 0 0 0 0 0 0 0 0 0 0 0 0 0 
3408 0 0 0 0 0 0 0 0 0 0 0 0 0 0 0 0 0 0 0 0 0 
2925 0 0 0 0 0 0 0 0 0 0 0 0 0 0 0 0 0 0 0 0 0 
2443 0 0 0 0 0 0 0 0 0 0 0 0 0 0 0 0 0 0 0 0 0 
2115 0 0 0 0 0 0 0 0 0 0 0 0 0 0 0 0 0 0 0 0 0 
1712 0 0 0 0 0 0 0 0 0 0 0 0 0 0 0 0 0 0 0 0 0 
1370 0 0 0 0 0 0 0 0 0 0 0 0 0 0 0 0 0 0 0 0 0 
1078 0 0 0 0 0 0 0 0 0 0 0 0 0 0 0 0 0 0 0 0 0 
859 0 0 0 0 0 0 0 0 0 0 0 0 0 0 0 0 0 0 0 0 0 
635 0 0 0 0 0 0 0 0 0 0 0 0 0 0 0 0 0 0 0 0 0 
467 0 0 0 0 0 0 0 0 0 0 0 0 0 0 0 0 0 0 0 0 0 
290 0 0 0 0 0 0 0 0 0 0 0 0 0 0 0 0 0 0 0 0 0 
194 0 0 0 0 0 0 0 0 0 0 0 0 0 0 0 0 0 0 0 0 0 
111 0 0 0 0 0 0 0 0 0 0 0 0 0 0 0 0 0 0 0 0 0 
45 0 0 0 0 0 0 0 0 0 0 0 0 0 0 0 0 0 0 0 0 0 
13 0 0 0 0 0 0 0 0 0 0 0 0 0 0 0 0 0 0 0 0 0 
1 0 0 0 0 0 0 0 0 0 0 0 0 0 0 0 0 0 0 0 0 0 
10000 9958 9890 9727 9090 8751 8041 7506 6438 5729 4824 4127 3231 2652 2062 1655 1274 1014 744 589 386 272 
9409 9049 8494 7738 5643 4332 2852 1896 1024 608 225 102 61 30 13 5 13 7 2 0 0 0 
7901 6744 4800 2921 755 282 52 32 13 7 2 1 0 0 0 0 0 0 0 0 0 0 
6594 4932 2555 1020 89 21 1 2 3 1 1 0 0 0 0 0 0 0 0 0 0 0 
4929 2829 951 239 16 4 0 1 0 0 0 0 0 0 0 0 0 0 0 0 0 0 
3667 1563 286 43 7 3 0 0 0 0 0 0 0 0 0 0 0 0 0 0 0 0 
2418 649 78 17 0 0 0 0 0 0 0 0 0 0 0 0 0 0 0 0 0 0 
1582 285 26 5 1 0 0 0 0 0 0 0 0 0 0 0 0 0 0 0 0 0 
912 98 12 7 2 1 0 0 0 0 0 0 0 0 0 0 0 0 0 0 0 0 
551 42 4 0 0 0 0 0 0 0 0 0 0 0 0 0 0 0 0 0 0 0 
270 12 1 0 0 0 0 0 0 0 0 0 0 0 0 0 0 0 0 0 0 0 
150 3 0 0 0 0 0 0 0 0 0 0 0 0 0 0 0 0 0 0 0 0 
71 7 0 0 0 0 0 0 0 0 0 0 0 0 0 0 0 0 0 0 0 0 
30 1 0 0 0 0 0 0 0 0 0 0 0 0 0 0 0 0 0 0 0 0 
21 1 0 0 0 0 0 0 0 0 0 0 0 0 0 0 0 0 0 0 0 0 
9 0 0 0 0 0 0 0 0 0 0 0 0 0 0 0 0 0 0 0 0 0 
3 0 0 0 0 0 0 0 0 0 0 0 0 0 0 0 0 0 0 0 0 0 
1 0 0 0 0 0 0 0 0 0 0 0 0 0 0 0 0 0 0 0 0 0 
0 0 0 0 0 0 0 0 0 0 0 0 0 0 0 0 0 0 0 0 0 0 
0 0 0 0 0 0 0 0 0 0 0 0 0 0 0 0 0 0 0 0 0 0 
0 0 0 0 0 0 0 0 0 0 0 0 0 0 0 0 0 0 0 0 0 0 
0 0 0 0 0 0 0 0 0 0 0 0 0 0 0 0 0 0 0 0 0 0 
10000 9968 9912 9694 9337 8847 8155 7217 6191 5192 4211 3375 2677 2041 1599 1240 948 735 558 433 281 163 
9391 8834 8098 6700 5025 3451 2168 1227 597 257 81 16 6 2 0 0 0 0 0 0 0 0 
8610 7201 5400 2913 1164 365 79 15 2 0 1 0 0 0 0 0 0 0 0 0 0 0 
7643 5454 3097 884 149 17 1 0 0 0 0 0 0 0 0 0 0 0 0 0 0 0 
6347 3496 1264 152 11 1 0 0 0 0 0 0 0 0 0 0 0 0 0 0 0 0 
4872 1828 394 21 0 0 0 0 0 0 0 0 0 0 0 0 0 0 0 0 0 0 
3493 780 83 4 1 0 0 0 0 0 0 0 0 0 0 0 0 0 0 0 0 0 
2233 302 17 1 0 0 0 0 0 0 0 0 0 0 0 0 0 0 0 0 0 0 
1374 82 0 0 0 0 0 0 0 0 0 0 0 0 0 0 0 0 0 0 0 0 
760 19 0 0 0 0 0 0 0 0 0 0 0 0 0 0 0 0 0 0 0 0 
420 4 0 0 0 0 0 0 0 0 0 0 0 0 0 0 0 0 0 0 0 0 
220 4 0 0 0 0 0 0 0 0 0 0 0 0 0 0 0 0 0 0 0 0 
99 0 0 0 0 0 0 0 0 0 0 0 0 0 0 0 0 0 0 0 0 0 
56 0 0 0 0 0 0 0 0 0 0 0 0 0 0 0 0 0 0 0 0 0 
26 0 0 0 0 0 0 0 0 0 0 0 0 0 0 0 0 0 0 0 0 0 
9 0 0 0 0 0 0 0 0 0 0 0 0 0 0 0 0 0 0 0 0 0 
3 0 0 0 0 0 0 0 0 0 0 0 0 0 0 0 0 0 0 0 0 0 
1 0 0 0 0 0 0 0 0 0 0 0 0 0 0 0 0 0 0 0 0 0 
1 0 0 0 0 0 0 0 0 0 0 0 0 0 0 0 0 0 0 0 0 0 
0 0 0 0 0 0 0 0 0 0 0 0 0 0 0 0 0 0 0 0 0 0 
0 0 0 0 0 0 0 0 0 0 0 0 0 0 0 0 0 0 0 0 0 0 
0 0 0 0 0 0 0 0 0 0 0 0 0 0 0 0 0 0 0 0 0 0 
10000 9968 9905 9686 9307 8935 8326 7681 7026 6322 5531 4784 4184 3518 2904 2392 1982 1605 1262 1011 729 485 
9113 8430 7467 6104 4467 3140 2031 1264 722 362 140 57 25 14 3 0 0 0 0 0 0 0 
7807 6212 4277 2056 720 238 46 11 3 0 1 1 0 0 0 0 0 0 0 0 0 0 
6497 4328 2198 583 84 20 2 0 0 0 0 0 0 0 0 0 0 0 0 0 0 0 
5247 2614 875 109 10 2 0 0 0 0 0 0 0 0 0 0 0 0 0 0 0 0 
3974 1445 302 24 1 0 0 0 0 0 0 0 0 0 0 0 0 0 0 0 0 0 
2891 703 81 2 0 0 0 0 0 0 0 0 0 0 0 0 0 0 0 0 0 0 
2000 294 18 0 0 0 0 0 0 0 0 0 0 0 0 0 0 0 0 0 0 0 
1329 93 3 0 0 0 0 0 0 0 0 0 0 0 0 0 0 0 0 0 0 0 
817 26 1 0 0 0 0 0 0 0 0 0 0 0 0 0 0 0 0 0 0 0 
512 13 0 0 0 0 0 0 0 0 0 0 0 0 0 0 0 0 0 0 0 0 
294 2 0 0 0 0 0 0 0 0 0 0 0 0 0 0 0 0 0 0 0 0 
181 1 0 0 0 0 0 0 0 0 0 0 0 0 0 0 0 0 0 0 0 0 
90 0 0 0 0 0 0 0 0 0 0 0 0 0 0 0 0 0 0 0 0 0 
50 0 0 0 0 0 0 0 0 0 0 0 0 0 0 0 0 0 0 0 0 0 
18 0 0 0 0 0 0 0 0 0 0 0 0 0 0 0 0 0 0 0 0 0 
9 0 0 0 0 0 0 0 0 0 0 0 0 0 0 0 0 0 0 0 0 0 
3 0 0 0 0 0 0 0 0 0 0 0 0 0 0 0 0 0 0 0 0 0 
0 0 0 0 0 0 0 0 0 0 0 0 0 0 0 0 0 0 0 0 0 0 
0 0 0 0 0 0 0 0 0 0 0 0 0 0 0 0 0 0 0 0 0 0 
0 0 0 0 0 0 0 0 0 0 0 0 0 0 0 0 0 0 0 0 0 0 
0 0 0 0 0 0 0 0 0 0 0 0 0 0 0 0 0 0 0 0 0 0 
10000 9977 9951 9809 9647 9434 9279 8955 8659 8342 7910 7516 7163 6690 6194 5762 5281 4779 4299 3728 3055 2278 
7341 5038 3820 2646 1827 1190 788 478 303 154 64 17 7 1 0 0 0 0 0 0 0 0 
5891 3007 1542 643 196 64 9 2 1 0 0 0 0 0 0 0 0 0 0 0 0 0 
4774 1897 738 143 24 2 0 0 0 0 0 0 0 0 0 0 0 0 0 0 0 0 
3953 1119 283 20 1 0 0 0 0 0 0 0 0 0 0 0 0 0 0 0 0 0 
3167 605 80 3 1 0 0 0 0 0 0 0 0 0 0 0 0 0 0 0 0 0 
2449 306 26 0 0 0 0 0 0 0 0 0 0 0 0 0 0 0 0 0 0 0 
1910 125 5 0 0 0 0 0 0 0 0 0 0 0 0 0 0 0 0 0 0 0 
1387 40 1 0 0 0 0 0 0 0 0 0 0 0 0 0 0 0 0 0 0 0 
1040 11 0 0 0 0 0 0 0 0 0 0 0 0 0 0 0 0 0 0 0 0 
718 3 0 0 0 0 0 0 0 0 0 0 0 0 0 0 0 0 0 0 0 0 
505 1 0 0 0 0 0 0 0 0 0 0 0 0 0 0 0 0 0 0 0 0 
347 1 0 0 0 0 0 0 0 0 0 0 0 0 0 0 0 0 0 0 0 0 
249 0 0 0 0 0 0 0 0 0 0 0 0 0 0 0 0 0 0 0 0 0 
141 0 0 0 0 0 0 0 0 0 0 0 0 0 0 0 0 0 0 0 0 0 
82 0 0 0 0 0 0 0 0 0 0 0 0 0 0 0 0 0 0 0 0 0 
56 0 0 0 0 0 0 0 0 0 0 0 0 0 0 0 0 0 0 0 0 0 
25 0 0 0 0 0 0 0 0 0 0 0 0 0 0 0 0 0 0 0 0 0 
18 0 0 0 0 0 0 0 0 0 0 0 0 0 0 0 0 0 0 0 0 0 
5 0 0 0 0 0 0 0 0 0 0 0 0 0 0 0 0 0 0 0 0 0 
2 0 0 0 0 0 0 0 0 0 0 0 0 0 0 0 0 0 0 0 0 0 
0 0 0 0 0 0 0 0 0 0 0 0 0 0 0 0 0 0 0 0 0 0 
10000 9960 9914 9727 9386 9053 8626 8175 7561 6953 6297 5686 4960 4366 3737 3213 2738 2306 1863 1493 1091 758 
8808 7933 6820 5510 3944 2826 1844 1175 667 338 160 83 28 10 7 2 3 1 0 0 0 0 
7314 5508 3425 1634 480 163 33 11 3 0 0 0 0 0 0 0 0 0 0 0 0 0 
5959 3618 1648 416 56 10 3 0 0 0 0 0 0 0 0 0 0 0 0 0 0 0 
4765 2157 621 85 9 2 0 0 0 0 0 0 0 0 0 0 0 0 0 0 0 0 
3593 1201 201 22 0 1 0 0 0 0 0 0 0 0 0 0 0 0 0 0 0 0 
2660 566 61 2 0 0 0 0 0 0 0 0 0 0 0 0 0 0 0 0 0 0 
1936 232 12 0 0 0 0 0 0 0 0 0 0 0 0 0 0 0 0 0 0 0 
1276 87 8 0 0 0 0 0 0 0 0 0 0 0 0 0 0 0 0 0 0 0 
859 27 0 0 0 0 0 0 0 0 0 0 0 0 0 0 0 0 0 0 0 0 
562 6 0 0 0 0 0 0 0 0 0 0 0 0 0 0 0 0 0 0 0 0 
324 2 0 0 0 0 0 0 0 0 0 0 0 0 0 0 0 0 0 0 0 0 
194 2 0 0 0 0 0 0 0 0 0 0 0 0 0 0 0 0 0 0 0 0 
110 2 0 0 0 0 0 0 0 0 0 0 0 0 0 0 0 0 0 0 0 0 
61 0 0 0 0 0 0 0 0 0 0 0 0 0 0 0 0 0 0 0 0 0 
26 0 0 0 0 0 0 0 0 0 0 0 0 0 0 0 0 0 0 0 0 0 
15 0 0 0 0 0 0 0 0 0 0 0 0 0 0 0 0 0 0 0 0 0 
6 0 0 0 0 0 0 0 0 0 0 0 0 0 0 0 0 0 0 0 0 0 
3 0 0 0 0 0 0 0 0 0 0 0 0 0 0 0 0 0 0 0 0 0 
1 0 0 0 0 0 0 0 0 0 0 0 0 0 0 0 0 0 0 0 0 0 
0 0 0 0 0 0 0 0 0 0 0 0 0 0 0 0 0 0 0 0 0 0 
0 0 0 0 0 0 0 0 0 0 0 0 0 0 0 0 0 0 0 0 0 0 
10000 9987 9966 9891 9790 9696 9548 9376 9201 9001 8767 8486 8182 7866 7522 7103 6675 6200 5651 4952 4134 3065 
6673 2823 1706 1085 713 484 296 180 108 49 25 11 3 0 0 0 0 0 0 0 0 0 
5246 1350 506 166 50 15 2 0 1 0 0 0 0 0 0 0 0 0 0 0 0 0 
4328 748 196 33 3 0 0 0 0 0 0 0 0 0 0 0 0 0 0 0 0 0 
3515 444 83 7 0 0 0 0 0 0 0 0 0 0 0 0 0 0 0 0 0 0 
2908 222 20 0 0 0 0 0 0 0 0 0 0 0 0 0 0 0 0 0 0 0 
2385 98 3 0 0 0 0 0 0 0 0 0 0 0 0 0 0 0 0 0 0 0 
1975 44 0 0 0 0 0 0 0 0 0 0 0 0 0 0 0 0 0 0 0 0 
1594 20 0 0 0 0 0 0 0 0 0 0 0 0 0 0 0 0 0 0 0 0 
1264 8 0 0 0 0 0 0 0 0 0 0 0 0 0 0 0 0 0 0 0 0 
999 1 0 0 0 0 0 0 0 0 0 0 0 0 0 0 0 0 0 0 0 0 
791 1 0 0 0 0 0 0 0 0 0 0 0 0 0 0 0 0 0 0 0 0 
588 0 0 0 0 0 0 0 0 0 0 0 0 0 0 0 0 0 0 0 0 0 
433 0 0 0 0 0 0 0 0 0 0 0 0 0 0 0 0 0 0 0 0 0 
295 0 0 0 0 0 0 0 0 0 0 0 0 0 0 0 0 0 0 0 0 0 
214 0 0 0 0 0 0 0 0 0 0 0 0 0 0 0 0 0 0 0 0 0 
122 0 0 0 0 0 0 0 0 0 0 0 0 0 0 0 0 0 0 0 0 0 
72 0 0 0 0 0 0 0 0 0 0 0 0 0 0 0 0 0 0 0 0 0 
24 0 0 0 0 0 0 0 0 0 0 0 0 0 0 0 0 0 0 0 0 0 
9 0 0 0 0 0 0 0 0 0 0 0 0 0 0 0 0 0 0 0 0 0 
2 0 0 0 0 0 0 0 0 0 0 0 0 0 0 0 0 0 0 0 0 0 
0 0 0 0 0 0 0 0 0 0 0 0 0 0 0 0 0 0 0 0 0 0 
10000 9989 9964 9902 9811 9713 9621 9484 9322 9178 8955 8708 8411 8105 7740 7322 6872 6317 5694 4903 3937 2746 
6999 1992 1047 570 361 226 133 78 31 20 15 4 1 0 0 0 0 0 0 0 0 0 
5598 810 246 74 19 6 0 0 0 0 0 0 0 0 0 0 0 0 0 0 0 0 
4647 423 82 18 4 0 0 0 0 0 0 0 0 0 0 0 0 0 0 0 0 0 
3891 232 39 4 0 0 0 0 0 0 0 0 0 0 0 0 0 0 0 0 0 0 
3260 119 6 0 0 0 0 0 0 0 0 0 0 0 0 0 0 0 0 0 0 0 
2694 57 0 0 0 0 0 0 0 0 0 0 0 0 0 0 0 0 0 0 0 0 
2222 29 0 0 0 0 0 0 0 0 0 0 0 0 0 0 0 0 0 0 0 0 
1820 8 0 0 0 0 0 0 0 0 0 0 0 0 0 0 0 0 0 0 0 0 
1475 5 0 0 0 0 0 0 0 0 0 0 0 0 0 0 0 0 0 0 0 0 
1149 0 0 0 0 0 0 0 0 0 0 0 0 0 0 0 0 0 0 0 0 0 
907 0 0 0 0 0 0 0 0 0 0 0 0 0 0 0 0 0 0 0 0 0 
664 0 0 0 0 0 0 0 0 0 0 0 0 0 0 0 0 0 0 0 0 0 
478 0 0 0 0 0 0 0 0 0 0 0 0 0 0 0 0 0 0 0 0 0 
343 0 0 0 0 0 0 0 0 0 0 0 0 0 0 0 0 0 0 0 0 0 
232 0 0 0 0 0 0 0 0 0 0 0 0 0 0 0 0 0 0 0 0 0 
136 0 0 0 0 0 0 0 0 0 0 0 0 0 0 0 0 0 0 0 0 0 
76 0 0 0 0 0 0 0 0 0 0 0 0 0 0 0 0 0 0 0 0 0 
38 0 0 0 0 0 0 0 0 0 0 0 0 0 0 0 0 0 0 0 0 0 
13 0 0 0 0 0 0 0 0 0 0 0 0 0 0 0 0 0 0 0 0 0 
5 0 0 0 0 0 0 0 0 0 0 0 0 0 0 0 0 0 0 0 0 0 
0 0 0 0 0 0 0 0 0 0 0 0 0 0 0 0 0 0 0 0 0 0 
10000 9993 9977 9924 9894 9839 9767 9707 9636 9522 9397 9240 9087 8884 8662 8394 8074 7667 7180 6622 5774 4468 
5448 12 2 0 0 0 0 0 0 0 0 0 0 0 0 0 0 0 0 0 0 0 
4186 1 0 0 0 0 0 0 0 0 0 0 0 0 0 0 0 0 0 0 0 0 
3420 0 0 0 0 0 0 0 0 0 0 0 0 0 0 0 0 0 0 0 0 0 
2883 0 0 0 0 0 0 0 0 0 0 0 0 0 0 0 0 0 0 0 0 0 
2450 0 0 0 0 0 0 0 0 0 0 0 0 0 0 0 0 0 0 0 0 0 
2033 0 0 0 0 0 0 0 0 0 0 0 0 0 0 0 0 0 0 0 0 0 
1726 0 0 0 0 0 0 0 0 0 0 0 0 0 0 0 0 0 0 0 0 0 
1430 0 0 0 0 0 0 0 0 0 0 0 0 0 0 0 0 0 0 0 0 0 
1171 0 0 0 0 0 0 0 0 0 0 0 0 0 0 0 0 0 0 0 0 0 
925 0 0 0 0 0 0 0 0 0 0 0 0 0 0 0 0 0 0 0 0 0 
774 0 0 0 0 0 0 0 0 0 0 0 0 0 0 0 0 0 0 0 0 0 
592 0 0 0 0 0 0 0 0 0 0 0 0 0 0 0 0 0 0 0 0 0 
446 0 0 0 0 0 0 0 0 0 0 0 0 0 0 0 0 0 0 0 0 0 
325 0 0 0 0 0 0 0 0 0 0 0 0 0 0 0 0 0 0 0 0 0 
219 0 0 0 0 0 0 0 0 0 0 0 0 0 0 0 0 0 0 0 0 0 
132 0 0 0 0 0 0 0 0 0 0 0 0 0 0 0 0 0 0 0 0 0 
75 0 0 0 0 0 0 0 0 0 0 0 0 0 0 0 0 0 0 0 0 0 
27 0 0 0 0 0 0 0 0 0 0 0 0 0 0 0 0 0 0 0 0 0 
12 0 0 0 0 0 0 0 0 0 0 0 0 0 0 0 0 0 0 0 0 0 
3 0 0 0 0 0 0 0 0 0 0 0 0 0 0 0 0 0 0 0 0 0 
0 0 0 0 0 0 0 0 0 0 0 0 0 0 0 0 0 0 0 0 0 0 
10000 9975 9943 9761 9527 9249 8873 8505 8032 7551 6964 6400 5653 5028 4389 3833 3228 2731 2170 1719 1244 820 
8809 7357 5879 4349 3011 2107 1276 817 490 271 109 43 14 4 1 0 1 1 0 0 0 0 
7411 4615 2413 924 267 87 14 4 1 0 0 0 0 0 0 0 0 0 0 0 0 0 
6218 2887 1036 236 20 2 1 0 0 0 0 0 0 0 0 0 0 0 0 0 0 0 
5002 1669 362 28 3 0 0 0 0 0 0 0 0 0 0 0 0 0 0 0 0 0 
4040 895 116 6 0 0 0 0 0 0 0 0 0 0 0 0 0 0 0 0 0 0 
3172 452 20 2 0 0 0 0 0 0 0 0 0 0 0 0 0 0 0 0 0 0 
2355 192 5 1 0 0 0 0 0 0 0 0 0 0 0 0 0 0 0 0 0 0 
1754 64 3 0 0 0 0 0 0 0 0 0 0 0 0 0 0 0 0 0 0 0 
1235 21 0 0 0 0 0 0 0 0 0 0 0 0 0 0 0 0 0 0 0 0 
844 8 0 0 0 0 0 0 0 0 0 0 0 0 0 0 0 0 0 0 0 0 
578 3 0 0 0 0 0 0 0 0 0 0 0 0 0 0 0 0 0 0 0 0 
398 0 0 0 0 0 0 0 0 0 0 0 0 0 0 0 0 0 0 0 0 0 
240 0 0 0 0 0 0 0 0 0 0 0 0 0 0 0 0 0 0 0 0 0 
123 0 0 0 0 0 0 0 0 0 0 0 0 0 0 0 0 0 0 0 0 0 
70 0 0 0 0 0 0 0 0 0 0 0 0 0 0 0 0 0 0 0 0 0 
31 0 0 0 0 0 0 0 0 0 0 0 0 0 0 0 0 0 0 0 0 0 
22 0 0 0 0 0 0 0 0 0 0 0 0 0 0 0 0 0 0 0 0 0 
9 0 0 0 0 0 0 0 0 0 0 0 0 0 0 0 0 0 0 0 0 0 
6 0 0 0 0 0 0 0 0 0 0 0 0 0 0 0 0 0 0 0 0 0 
1 0 0 0 0 0 0 0 0 0 0 0 0 0 0 0 0 0 0 0 0 0 
0 0 0 0 0 0 0 0 0 0 0 0 0 0 0 0 0 0 0 0 0 0 
10000 9984 9965 9902 9814 9740 9658 9528 9387 9224 9049 8804 8554 8237 7853 7406 6937 6388 5727 4900 4002 2745 
7036 1031 423 212 132 69 43 29 19 9 4 3 2 0 0 0 0 0 0 0 0 0 
5755 341 64 9 3 0 0 0 0 0 0 0 0 0 0 0 0 0 0 0 0 0 
4824 155 15 1 0 0 0 0 0 0 0 0 0 0 0 0 0 0 0 0 0 0 
4146 97 4 0 0 0 0 0 0 0 0 0 0 0 0 0 0 0 0 0 0 0 
3501 43 2 0 0 0 0 0 0 0 0 0 0 0 0 0 0 0 0 0 0 0 
2941 25 1 0 0 0 0 0 0 0 0 0 0 0 0 0 0 0 0 0 0 0 
2524 17 0 0 0 0 0 0 0 0 0 0 0 0 0 0 0 0 0 0 0 0 
2093 5 0 0 0 0 0 0 0 0 0 0 0 0 0 0 0 0 0 0 0 0 
1705 3 0 0 0 0 0 0 0 0 0 0 0 0 0 0 0 0 0 0 0 0 
1377 0 0 0 0 0 0 0 0 0 0 0 0 0 0 0 0 0 0 0 0 0 
1077 0 0 0 0 0 0 0 0 0 0 0 0 0 0 0 0 0 0 0 0 0 
794 0 0 0 0 0 0 0 0 0 0 0 0 0 0 0 0 0 0 0 0 0 
597 0 0 0 0 0 0 0 0 0 0 0 0 0 0 0 0 0 0 0 0 0 
419 0 0 0 0 0 0 0 0 0 0 0 0 0 0 0 0 0 0 0 0 0 
295 0 0 0 0 0 0 0 0 0 0 0 0 0 0 0 0 0 0 0 0 0 
175 0 0 0 0 0 0 0 0 0 0 0 0 0 0 0 0 0 0 0 0 0 
101 0 0 0 0 0 0 0 0 0 0 0 0 0 0 0 0 0 0 0 0 0 
54 0 0 0 0 0 0 0 0 0 0 0 0 0 0 0 0 0 0 0 0 0 
18 0 0 0 0 0 0 0 0 0 0 0 0 0 0 0 0 0 0 0 0 0 
3 0 0 0 0 0 0 0 0 0 0 0 0 0 0 0 0 0 0 0 0 0 
0 0 0 0 0 0 0 0 0 0 0 0 0 0 0 0 0 0 0 0 0 0 
10000 9985 9951 9893 9801 9721 9619 9516 9418 9201 9006 8812 8480 8157 7767 7326 6786 6167 5471 4678 3711 2344 
7481 733 247 106 56 34 21 12 8 4 2 0 0 0 0 0 0 0 0 0 0 0 
6050 182 23 2 1 0 0 0 0 0 0 0 0 0 0 0 0 0 0 0 0 0 
5191 80 9 0 0 0 0 0 0 0 0 0 0 0 0 0 0 0 0 0 0 0 
4427 41 3 0 0 0 0 0 0 0 0 0 0 0 0 0 0 0 0 0 0 0 
3783 24 0 0 0 0 0 0 0 0 0 0 0 0 0 0 0 0 0 0 0 0 
3292 12 0 0 0 0 0 0 0 0 0 0 0 0 0 0 0 0 0 0 0 0 
2720 10 1 0 0 0 0 0 0 0 0 0 0 0 0 0 0 0 0 0 0 0 
2307 4 1 0 0 0 0 0 0 0 0 0 0 0 0 0 0 0 0 0 0 0 
1906 0 0 0 0 0 0 0 0 0 0 0 0 0 0 0 0 0 0 0 0 0 
1536 1 0 0 0 0 0 0 0 0 0 0 0 0 0 0 0 0 0 0 0 0 
1173 0 0 0 0 0 0 0 0 0 0 0 0 0 0 0 0 0 0 0 0 0 
879 0 0 0 0 0 0 0 0 0 0 0 0 0 0 0 0 0 0 0 0 0 
674 0 0 0 0 0 0 0 0 0 0 0 0 0 0 0 0 0 0 0 0 0 
466 0 0 0 0 0 0 0 0 0 0 0 0 0 0 0 0 0 0 0 0 0 
312 0 0 0 0 0 0 0 0 0 0 0 0 0 0 0 0 0 0 0 0 0 
185 0 0 0 0 0 0 0 0 0 0 0 0 0 0 0 0 0 0 0 0 0 
120 0 0 0 0 0 0 0 0 0 0 0 0 0 0 0 0 0 0 0 0 0 
54 0 0 0 0 0 0 0 0 0 0 0 0 0 0 0 0 0 0 0 0 0 
11 0 0 0 0 0 0 0 0 0 0 0 0 0 0 0 0 0 0 0 0 0 
5 0 0 0 0 0 0 0 0 0 0 0 0 0 0 0 0 0 0 0 0 0 
1 0 0 0 0 0 0 0 0 0 0 0 0 0 0 0 0 0 0 0 0 0 
10000 9992 9975 9913 9865 9776 9682 9629 9508 9399 9308 9110 8937 8664 8370 8069 7707 7274 6731 6062 5218 3847 
6025 0 0 0 0 0 0 0 0 0 0 0 0 0 0 0 0 0 0 0 0 0 
4730 0 0 0 0 0 0 0 0 0 0 0 0 0 0 0 0 0 0 0 0 0 
3964 0 0 0 0 0 0 0 0 0 0 0 0 0 0 0 0 0 0 0 0 0 
3300 0 0 0 0 0 0 0 0 0 0 0 0 0 0 0 0 0 0 0 0 0 
2860 0 0 0 0 0 0 0 0 0 0 0 0 0 0 0 0 0 0 0 0 0 
2446 0 0 0 0 0 0 0 0 0 0 0 0 0 0 0 0 0 0 0 0 0 
2084 0 0 0 0 0 0 0 0 0 0 0 0 0 0 0 0 0 0 0 0 0 
1757 0 0 0 0 0 0 0 0 0 0 0 0 0 0 0 0 0 0 0 0 0 
1423 0 0 0 0 0 0 0 0 0 0 0 0 0 0 0 0 0 0 0 0 0 
1128 0 0 0 0 0 0 0 0 0 0 0 0 0 0 0 0 0 0 0 0 0 
914 0 0 0 0 0 0 0 0 0 0 0 0 0 0 0 0 0 0 0 0 0 
713 0 0 0 0 0 0 0 0 0 0 0 0 0 0 0 0 0 0 0 0 0 
527 0 0 0 0 0 0 0 0 0 0 0 0 0 0 0 0 0 0 0 0 0 
407 0 0 0 0 0 0 0 0 0 0 0 0 0 0 0 0 0 0 0 0 0 
295 0 0 0 0 0 0 0 0 0 0 0 0 0 0 0 0 0 0 0 0 0 
194 0 0 0 0 0 0 0 0 0 0 0 0 0 0 0 0 0 0 0 0 0 
108 0 0 0 0 0 0 0 0 0 0 0 0 0 0 0 0 0 0 0 0 0 
61 0 0 0 0 0 0 0 0 0 0 0 0 0 0 0 0 0 0 0 0 0 
22 0 0 0 0 0 0 0 0 0 0 0 0 0 0 0 0 0 0 0 0 0 
6 0 0 0 0 0 0 0 0 0 0 0 0 0 0 0 0 0 0 0 0 0 
0 0 0 0 0 0 0 0 0 0 0 0 0 0 0 0 0 0 0 0 0 0 
10000 9984 9963 9881 9803 9742 9593 9499 9332 9188 8966 8716 8393 8032 7665 7166 6621 6014 5277 4462 3413 2099 
7684 390 120 41 15 13 6 4 3 2 1 1 0 0 0 0 0 0 0 0 0 0 
6357 77 7 1 0 0 0 0 0 0 0 0 0 0 0 0 0 0 0 0 0 0 
5481 31 3 0 0 0 0 0 0 0 0 0 0 0 0 0 0 0 0 0 0 0 
4703 17 1 0 0 0 0 0 0 0 0 0 0 0 0 0 0 0 0 0 0 0 
4029 8 0 0 0 0 0 0 0 0 0 0 0 0 0 0 0 0 0 0 0 0 
3536 4 0 0 0 0 0 0 0 0 0 0 0 0 0 0 0 0 0 0 0 0 
2976 3 0 0 0 0 0 0 0 0 0 0 0 0 0 0 0 0 0 0 0 0 
2517 0 0 0 0 0 0 0 0 0 0 0 0 0 0 0 0 0 0 0 0 0 
2089 0 0 0 0 0 0 0 0 0 0 0 0 0 0 0 0 0 0 0 0 0 
1706 0 0 0 0 0 0 0 0 0 0 0 0 0 0 0 0 0 0 0 0 0 
1308 0 0 0 0 0 0 0 0 0 0 0 0 0 0 0 0 0 0 0 0 0 
1005 0 0 0 0 0 0 0 0 0 0 0 0 0 0 0 0 0 0 0 0 0 
753 0 0 0 0 0 0 0 0 0 0 0 0 0 0 0 0 0 0 0 0 0 
534 0 0 0 0 0 0 0 0 0 0 0 0 0 0 0 0 0 0 0 0 0 
340 0 0 0 0 0 0 0 0 0 0 0 0 0 0 0 0 0 0 0 0 0 
209 0 0 0 0 0 0 0 0 0 0 0 0 0 0 0 0 0 0 0 0 0 
129 0 0 0 0 0 0 0 0 0 0 0 0 0 0 0 0 0 0 0 0 0 
62 0 0 0 0 0 0 0 0 0 0 0 0 0 0 0 0 0 0 0 0 0 
20 0 0 0 0 0 0 0 0 0 0 0 0 0 0 0 0 0 0 0 0 0 
5 0 0 0 0 0 0 0 0 0 0 0 0 0 0 0 0 0 0 0 0 0 
0 0 0 0 0 0 0 0 0 0 0 0 0 0 0 0 0 0 0 0 0 0 
10000 9988 9960 9914 9837 9753 9688 9617 9513 9387 9252 9033 8836 8607 8348 7960 7553 7133 6560 5858 4956 3526 
6375 0 0 0 0 0 0 0 0 0 0 0 0 0 0 0 0 0 0 0 0 0 
5006 0 0 0 0 0 0 0 0 0 0 0 0 0 0 0 0 0 0 0 0 0 
4150 0 0 0 0 0 0 0 0 0 0 0 0 0 0 0 0 0 0 0 0 0 
3531 0 0 0 0 0 0 0 0 0 0 0 0 0 0 0 0 0 0 0 0 0 
3009 0 0 0 0 0 0 0 0 0 0 0 0 0 0 0 0 0 0 0 0 0 
2515 0 0 0 0 0 0 0 0 0 0 0 0 0 0 0 0 0 0 0 0 0 
2153 0 0 0 0 0 0 0 0 0 0 0 0 0 0 0 0 0 0 0 0 0 
1818 0 0 0 0 0 0 0 0 0 0 0 0 0 0 0 0 0 0 0 0 0 
1490 0 0 0 0 0 0 0 0 0 0 0 0 0 0 0 0 0 0 0 0 0 
1231 0 0 0 0 0 0 0 0 0 0 0 0 0 0 0 0 0 0 0 0 0 
980 0 0 0 0 0 0 0 0 0 0 0 0 0 0 0 0 0 0 0 0 0 
757 0 0 0 0 0 0 0 0 0 0 0 0 0 0 0 0 0 0 0 0 0 
590 0 0 0 0 0 0 0 0 0 0 0 0 0 0 0 0 0 0 0 0 0 
423 0 0 0 0 0 0 0 0 0 0 0 0 0 0 0 0 0 0 0 0 0 
283 0 0 0 0 0 0 0 0 0 0 0 0 0 0 0 0 0 0 0 0 0 
192 0 0 0 0 0 0 0 0 0 0 0 0 0 0 0 0 0 0 0 0 0 
116 0 0 0 0 0 0 0 0 0 0 0 0 0 0 0 0 0 0 0 0 0 
65 0 0 0 0 0 0 0 0 0 0 0 0 0 0 0 0 0 0 0 0 0 
26 0 0 0 0 0 0 0 0 0 0 0 0 0 0 0 0 0 0 0 0 0 
9 0 0 0 0 0 0 0 0 0 0 0 0 0 0 0 0 0 0 0 0 0 
2 0 0 0 0 0 0 0 0 0 0 0 0 0 0 0 0 0 0 0 0 0 
10000 9989 9971 9907 9832 9753 9689 9545 9475 9333 9178 9010 8808 8538 8250 7946 7543 7095 6522 5856 4919 3526 
6346 0 0 0 0 0 0 0 0 0 0 0 0 0 0 0 0 0 0 0 0 0 
5031 0 0 0 0 0 0 0 0 0 0 0 0 0 0 0 0 0 0 0 0 0 
4167 0 0 0 0 0 0 0 0 0 0 0 0 0 0 0 0 0 0 0 0 0 
3570 0 0 0 0 0 0 0 0 0 0 0 0 0 0 0 0 0 0 0 0 0 
3005 0 0 0 0 0 0 0 0 0 0 0 0 0 0 0 0 0 0 0 0 0 
2612 0 0 0 0 0 0 0 0 0 0 0 0 0 0 0 0 0 0 0 0 0 
2221 0 0 0 0 0 0 0 0 0 0 0 0 0 0 0 0 0 0 0 0 0 
1835 0 0 0 0 0 0 0 0 0 0 0 0 0 0 0 0 0 0 0 0 0 
1571 0 0 0 0 0 0 0 0 0 0 0 0 0 0 0 0 0 0 0 0 0 
1273 0 0 0 0 0 0 0 0 0 0 0 0 0 0 0 0 0 0 0 0 0 
1021 0 0 0 0 0 0 0 0 0 0 0 0 0 0 0 0 0 0 0 0 0 
812 0 0 0 0 0 0 0 0 0 0 0 0 0 0 0 0 0 0 0 0 0 
630 0 0 0 0 0 0 0 0 0 0 0 0 0 0 0 0 0 0 0 0 0 
464 0 0 0 0 0 0 0 0 0 0 0 0 0 0 0 0 0 0 0 0 0 
331 0 0 0 0 0 0 0 0 0 0 0 0 0 0 0 0 0 0 0 0 0 
198 0 0 0 0 0 0 0 0 0 0 0 0 0 0 0 0 0 0 0 0 0 
124 0 0 0 0 0 0 0 0 0 0 0 0 0 0 0 0 0 0 0 0 0 
73 0 0 0 0 0 0 0 0 0 0 0 0 0 0 0 0 0 0 0 0 0 
26 0 0 0 0 0 0 0 0 0 0 0 0 0 0 0 0 0 0 0 0 0 
5 0 0 0 0 0 0 0 0 0 0 0 0 0 0 0 0 0 0 0 0 0 
0 0 0 0 0 0 0 0 0 0 0 0 0 0 0 0 0 0 0 0 0 0 
10000 9986 9980 9931 9893 9848 9779 9721 9655 9551 9468 9320 9178 9014 8818 8571 8295 7922 7524 7018 6265 5049 
4890 0 0 0 0 0 0 0 0 0 0 0 0 0 0 0 0 0 0 0 0 0 
3767 0 0 0 0 0 0 0 0 0 0 0 0 0 0 0 0 0 0 0 0 0 
3056 0 0 0 0 0 0 0 0 0 0 0 0 0 0 0 0 0 0 0 0 0 
2486 0 0 0 0 0 0 0 0 0 0 0 0 0 0 0 0 0 0 0 0 0 
2137 0 0 0 0 0 0 0 0 0 0 0 0 0 0 0 0 0 0 0 0 0 
1800 0 0 0 0 0 0 0 0 0 0 0 0 0 0 0 0 0 0 0 0 0 
1515 0 0 0 0 0 0 0 0 0 0 0 0 0 0 0 0 0 0 0 0 0 
1240 0 0 0 0 0 0 0 0 0 0 0 0 0 0 0 0 0 0 0 0 0 
1055 0 0 0 0 0 0 0 0 0 0 0 0 0 0 0 0 0 0 0 0 0 
872 0 0 0 0 0 0 0 0 0 0 0 0 0 0 0 0 0 0 0 0 0 
694 0 0 0 0 0 0 0 0 0 0 0 0 0 0 0 0 0 0 0 0 0 
535 0 0 0 0 0 0 0 0 0 0 0 0 0 0 0 0 0 0 0 0 0 
409 0 0 0 0 0 0 0 0 0 0 0 0 0 0 0 0 0 0 0 0 0 
291 0 0 0 0 0 0 0 0 0 0 0 0 0 0 0 0 0 0 0 0 0 
194 0 0 0 0 0 0 0 0 0 0 0 0 0 0 0 0 0 0 0 0 0 
136 0 0 0 0 0 0 0 0 0 0 0 0 0 0 0 0 0 0 0 0 0 
81 0 0 0 0 0 0 0 0 0 0 0 0 0 0 0 0 0 0 0 0 0 
34 0 0 0 0 0 0 0 0 0 0 0 0 0 0 0 0 0 0 0 0 0 
16 0 0 0 0 0 0 0 0 0 0 0 0 0 0 0 0 0 0 0 0 0 
5 0 0 0 0 0 0 0 0 0 0 0 0 0 0 0 0 0 0 0 0 0 
1 0 0 0 0 0 0 0 0 0 0 0 0 0 0 0 0 0 0 0 0 0 
10000 9978 9930 9810 9619 9419 9129 8884 8519 7982 7520 6966 6365 5634 4976 4299 3615 2928 2263 1656 1054 597 
8974 6456 4391 2873 1853 1165 729 458 254 152 51 26 7 4 2 0 0 0 0 0 0 0 
7760 3602 1393 445 102 25 6 2 1 1 1 1 0 0 0 0 0 0 0 0 0 0 
6759 2113 507 106 7 1 0 0 0 0 0 0 0 0 0 0 0 0 0 0 0 0 
5797 1194 185 22 0 0 0 0 0 0 0 0 0 0 0 0 0 0 0 0 0 0 
4828 621 49 1 0 0 0 0 0 0 0 0 0 0 0 0 0 0 0 0 0 0 
3990 285 9 0 0 0 0 0 0 0 0 0 0 0 0 0 0 0 0 0 0 0 
3144 114 4 1 0 0 0 0 0 0 0 0 0 0 0 0 0 0 0 0 0 0 
2518 57 1 0 0 0 0 0 0 0 0 0 0 0 0 0 0 0 0 0 0 0 
1883 16 0 0 0 0 0 0 0 0 0 0 0 0 0 0 0 0 0 0 0 0 
1351 2 0 0 0 0 0 0 0 0 0 0 0 0 0 0 0 0 0 0 0 0 
965 2 0 0 0 0 0 0 0 0 0 0 0 0 0 0 0 0 0 0 0 0 
656 0 0 0 0 0 0 0 0 0 0 0 0 0 0 0 0 0 0 0 0 0 
407 0 0 0 0 0 0 0 0 0 0 0 0 0 0 0 0 0 0 0 0 0 
265 0 0 0 0 0 0 0 0 0 0 0 0 0 0 0 0 0 0 0 0 0 
139 0 0 0 0 0 0 0 0 0 0 0 0 0 0 0 0 0 0 0 0 0 
75 0 0 0 0 0 0 0 0 0 0 0 0 0 0 0 0 0 0 0 0 0 
33 0 0 0 0 0 0 0 0 0 0 0 0 0 0 0 0 0 0 0 0 0 
11 0 0 0 0 0 0 0 0 0 0 0 0 0 0 0 0 0 0 0 0 0 
3 0 0 0 0 0 0 0 0 0 0 0 0 0 0 0 0 0 0 0 0 0 
1 0 0 0 0 0 0 0 0 0 0 0 0 0 0 0 0 0 0 0 0 0 
1 0 0 0 0 0 0 0 0 0 0 0 0 0 0 0 0 0 0 0 0 0 
10000 9978 9939 9873 9789 9703 9629 9506 9319 9249 8940 8675 8317 7982 7547 7064 6480 5762 5053 4159 3184 1871 
7869 318 82 29 9 6 1 1 0 0 0 0 0 0 0 0 0 0 0 0 0 0 
6583 60 4 2 1 0 0 0 0 0 0 0 0 0 0 0 0 0 0 0 0 0 
5709 25 1 0 0 0 0 0 0 0 0 0 0 0 0 0 0 0 0 0 0 0 
5001 9 0 0 0 0 0 0 0 0 0 0 0 0 0 0 0 0 0 0 0 0 
4308 5 0 0 0 0 0 0 0 0 0 0 0 0 0 0 0 0 0 0 0 0 
3699 3 0 0 0 0 0 0 0 0 0 0 0 0 0 0 0 0 0 0 0 0 
3141 2 0 0 0 0 0 0 0 0 0 0 0 0 0 0 0 0 0 0 0 0 
2656 0 0 0 0 0 0 0 0 0 0 0 0 0 0 0 0 0 0 0 0 0 
2188 0 0 0 0 0 0 0 0 0 0 0 0 0 0 0 0 0 0 0 0 0 
1755 0 0 0 0 0 0 0 0 0 0 0 0 0 0 0 0 0 0 0 0 0 
1404 0 0 0 0 0 0 0 0 0 0 0 0 0 0 0 0 0 0 0 0 0 
1048 0 0 0 0 0 0 0 0 0 0 0 0 0 0 0 0 0 0 0 0 0 
779 0 0 0 0 0 0 0 0 0 0 0 0 0 0 0 0 0 0 0 0 0 
536 0 0 0 0 0 0 0 0 0 0 0 0 0 0 0 0 0 0 0 0 0 
342 0 0 0 0 0 0 0 0 0 0 0 0 0 0 0 0 0 0 0 0 0 
222 0 0 0 0 0 0 0 0 0 0 0 0 0 0 0 0 0 0 0 0 0 
108 0 0 0 0 0 0 0 0 0 0 0 0 0 0 0 0 0 0 0 0 0 
51 0 0 0 0 0 0 0 0 0 0 0 0 0 0 0 0 0 0 0 0 0 
23 0 0 0 0 0 0 0 0 0 0 0 0 0 0 0 0 0 0 0 0 0 
1 0 0 0 0 0 0 0 0 0 0 0 0 0 0 0 0 0 0 0 0 0 
0 0 0 0 0 0 0 0 0 0 0 0 0 0 0 0 0 0 0 0 0 0 
10000 9985 9962 9884 9785 9687 9577 9453 9299 9071 8917 8573 8304 7874 7470 6910 6308 5621 4818 3866 2851 1653 
8070 187 39 22 11 4 2 1 0 0 0 0 0 0 0 0 0 0 0 0 0 0 
6928 45 2 0 0 0 0 0 0 0 0 0 0 0 0 0 0 0 0 0 0 0 
6018 15 0 0 0 0 0 0 0 0 0 0 0 0 0 0 0 0 0 0 0 0 
5228 7 0 0 0 0 0 0 0 0 0 0 0 0 0 0 0 0 0 0 0 0 
4544 4 0 0 0 0 0 0 0 0 0 0 0 0 0 0 0 0 0 0 0 0 
3921 2 0 0 0 0 0 0 0 0 0 0 0 0 0 0 0 0 0 0 0 0 
3305 0 0 0 0 0 0 0 0 0 0 0 0 0 0 0 0 0 0 0 0 0 
2749 0 0 0 0 0 0 0 0 0 0 0 0 0 0 0 0 0 0 0 0 0 
2298 0 0 0 0 0 0 0 0 0 0 0 0 0 0 0 0 0 0 0 0 0 
1843 0 0 0 0 0 0 0 0 0 0 0 0 0 0 0 0 0 0 0 0 0 
1467 0 0 0 0 0 0 0 0 0 0 0 0 0 0 0 0 0 0 0 0 0 
1119 0 0 0 0 0 0 0 0 0 0 0 0 0 0 0 0 0 0 0 0 0 
851 0 0 0 0 0 0 0 0 0 0 0 0 0 0 0 0 0 0 0 0 0 
561 0 0 0 0 0 0 0 0 0 0 0 0 0 0 0 0 0 0 0 0 0 
378 0 0 0 0 0 0 0 0 0 0 0 0 0 0 0 0 0 0 0 0 0 
251 0 0 0 0 0 0 0 0 0 0 0 0 0 0 0 0 0 0 0 0 0 
145 0 0 0 0 0 0 0 0 0 0 0 0 0 0 0 0 0 0 0 0 0 
80 0 0 0 0 0 0 0 0 0 0 0 0 0 0 0 0 0 0 0 0 0 
29 0 0 0 0 0 0 0 0 0 0 0 0 0 0 0 0 0 0 0 0 0 
6 0 0 0 0 0 0 0 0 0 0 0 0 0 0 0 0 0 0 0 0 0 
0 0 0 0 0 0 0 0 0 0 0 0 0 0 0 0 0 0 0 0 0 0 
10000 9985 9958 9890 9839 9745 9672 9562 9460 9315 9148 8947 8710 8442 8083 7765 7313 6763 6168 5388 4406 3020 
6833 0 0 0 0 0 0 0 0 0 0 0 0 0 0 0 0 0 0 0 0 0 
5483 0 0 0 0 0 0 0 0 0 0 0 0 0 0 0 0 0 0 0 0 0 
4642 0 0 0 0 0 0 0 0 0 0 0 0 0 0 0 0 0 0 0 0 0 
3945 0 0 0 0 0 0 0 0 0 0 0 0 0 0 0 0 0 0 0 0 0 
3357 0 0 0 0 0 0 0 0 0 0 0 0 0 0 0 0 0 0 0 0 0 
2840 0 0 0 0 0 0 0 0 0 0 0 0 0 0 0 0 0 0 0 0 0 
2432 0 0 0 0 0 0 0 0 0 0 0 0 0 0 0 0 0 0 0 0 0 
2064 0 0 0 0 0 0 0 0 0 0 0 0 0 0 0 0 0 0 0 0 0 
1695 0 0 0 0 0 0 0 0 0 0 0 0 0 0 0 0 0 0 0 0 0 
1359 0 0 0 0 0 0 0 0 0 0 0 0 0 0 0 0 0 0 0 0 0 
1073 0 0 0 0 0 0 0 0 0 0 0 0 0 0 0 0 0 0 0 0 0 
859 0 0 0 0 0 0 0 0 0 0 0 0 0 0 0 0 0 0 0 0 0 
623 0 0 0 0 0 0 0 0 0 0 0 0 0 0 0 0 0 0 0 0 0 
447 0 0 0 0 0 0 0 0 0 0 0 0 0 0 0 0 0 0 0 0 0 
327 0 0 0 0 0 0 0 0 0 0 0 0 0 0 0 0 0 0 0 0 0 
217 0 0 0 0 0 0 0 0 0 0 0 0 0 0 0 0 0 0 0 0 0 
133 0 0 0 0 0 0 0 0 0 0 0 0 0 0 0 0 0 0 0 0 0 
63 0 0 0 0 0 0 0 0 0 0 0 0 0 0 0 0 0 0 0 0 0 
21 0 0 0 0 0 0 0 0 0 0 0 0 0 0 0 0 0 0 0 0 0 
6 0 0 0 0 0 0 0 0 0 0 0 0 0 0 0 0 0 0 0 0 0 
2 0 0 0 0 0 0 0 0 0 0 0 0 0 0 0 0 0 0 0 0 0 
10000 9979 9964 9876 9786 9667 9569 9430 9306 9086 8856 8596 8228 7869 7391 6808 6207 5451 4675 3755 2718 1511 
8231 114 23 3 2 2 0 0 0 0 0 0 0 0 0 0 0 0 0 0 0 0 
7043 13 1 0 0 0 0 0 0 0 0 0 0 0 0 0 0 0 0 0 0 0 
6123 7 0 0 0 0 0 0 0 0 0 0 0 0 0 0 0 0 0 0 0 0 
5369 1 0 0 0 0 0 0 0 0 0 0 0 0 0 0 0 0 0 0 0 0 
4579 0 0 0 0 0 0 0 0 0 0 0 0 0 0 0 0 0 0 0 0 0 
4030 0 0 0 0 0 0 0 0 0 0 0 0 0 0 0 0 0 0 0 0 0 
3414 0 0 0 0 0 0 0 0 0 0 0 0 0 0 0 0 0 0 0 0 0 
2895 0 0 0 0 0 0 0 0 0 0 0 0 0 0 0 0 0 0 0 0 0 
2407 0 0 0 0 0 0 0 0 0 0 0 0 0 0 0 0 0 0 0 0 0 
1940 0 0 0 0 0 0 0 0 0 0 0 0 0 0 0 0 0 0 0 0 0 
1499 0 0 0 0 0 0 0 0 0 0 0 0 0 0 0 0 0 0 0 0 0 
1154 0 0 0 0 0 0 0 0 0 0 0 0 0 0 0 0 0 0 0 0 0 
870 0 0 0 0 0 0 0 0 0 0 0 0 0 0 0 0 0 0 0 0 0 
618 0 0 0 0 0 0 0 0 0 0 0 0 0 0 0 0 0 0 0 0 0 
425 0 0 0 0 0 0 0 0 0 0 0 0 0 0 0 0 0 0 0 0 0 
255 0 0 0 0 0 0 0 0 0 0 0 0 0 0 0 0 0 0 0 0 0 
149 0 0 0 0 0 0 0 0 0 0 0 0 0 0 0 0 0 0 0 0 0 
77 0 0 0 0 0 0 0 0 0 0 0 0 0 0 0 0 0 0 0 0 0 
26 0 0 0 0 0 0 0 0 0 0 0 0 0 0 0 0 0 0 0 0 0 
2 0 0 0 0 0 0 0 0 0 0 0 0 0 0 0 0 0 0 0 0 0 
0 0 0 0 0 0 0 0 0 0 0 0 0 0 0 0 0 0 0 0 0 0 
10000 9983 9969 9904 9818 9751 9643 9541 9416 9261 9050 8845 8622 8341 8050 7650 7222 6645 5975 5237 4257 2854 
6962 0 0 0 0 0 0 0 0 0 0 0 0 0 0 0 0 0 0 0 0 0 
5641 0 0 0 0 0 0 0 0 0 0 0 0 0 0 0 0 0 0 0 0 0 
4764 0 0 0 0 0 0 0 0 0 0 0 0 0 0 0 0 0 0 0 0 0 
4088 0 0 0 0 0 0 0 0 0 0 0 0 0 0 0 0 0 0 0 0 0 
3535 0 0 0 0 0 0 0 0 0 0 0 0 0 0 0 0 0 0 0 0 0 
2953 0 0 0 0 0 0 0 0 0 0 0 0 0 0 0 0 0 0 0 0 0 
2525 0 0 0 0 0 0 0 0 0 0 0 0 0 0 0 0 0 0 0 0 0 
2120 0 0 0 0 0 0 0 0 0 0 0 0 0 0 0 0 0 0 0 0 0 
1736 0 0 0 0 0 0 0 0 0 0 0 0 0 0 0 0 0 0 0 0 0 
1462 0 0 0 0 0 0 0 0 0 0 0 0 0 0 0 0 0 0 0 0 0 
1183 0 0 0 0 0 0 0 0 0 0 0 0 0 0 0 0 0 0 0 0 0 
934 0 0 0 0 0 0 0 0 0 0 0 0 0 0 0 0 0 0 0 0 0 
720 0 0 0 0 0 0 0 0 0 0 0 0 0 0 0 0 0 0 0 0 0 
531 0 0 0 0 0 0 0 0 0 0 0 0 0 0 0 0 0 0 0 0 0 
362 0 0 0 0 0 0 0 0 0 0 0 0 0 0 0 0 0 0 0 0 0 
230 0 0 0 0 0 0 0 0 0 0 0 0 0 0 0 0 0 0 0 0 0 
125 0 0 0 0 0 0 0 0 0 0 0 0 0 0 0 0 0 0 0 0 0 
65 0 0 0 0 0 0 0 0 0 0 0 0 0 0 0 0 0 0 0 0 0 
24 0 0 0 0 0 0 0 0 0 0 0 0 0 0 0 0 0 0 0 0 0 
5 0 0 0 0 0 0 0 0 0 0 0 0 0 0 0 0 0 0 0 0 0 
1 0 0 0 0 0 0 0 0 0 0 0 0 0 0 0 0 0 0 0 0 0 
10000 9986 9971 9893 9834 9753 9653 9548 9398 9295 9117 8856 8657 8370 8063 7686 7218 6697 6017 5179 4260 2867 
6978 0 0 0 0 0 0 0 0 0 0 0 0 0 0 0 0 0 0 0 0 0 
5674 0 0 0 0 0 0 0 0 0 0 0 0 0 0 0 0 0 0 0 0 0 
4811 0 0 0 0 0 0 0 0 0 0 0 0 0 0 0 0 0 0 0 0 0 
4079 0 0 0 0 0 0 0 0 0 0 0 0 0 0 0 0 0 0 0 0 0 
3476 0 0 0 0 0 0 0 0 0 0 0 0 0 0 0 0 0 0 0 0 0 
2959 0 0 0 0 0 0 0 0 0 0 0 0 0 0 0 0 0 0 0 0 0 
2483 0 0 0 0 0 0 0 0 0 0 0 0 0 0 0 0 0 0 0 0 0 
2119 0 0 0 0 0 0 0 0 0 0 0 0 0 0 0 0 0 0 0 0 0 
1715 0 0 0 0 0 0 0 0 0 0 0 0 0 0 0 0 0 0 0 0 0 
1381 0 0 0 0 0 0 0 0 0 0 0 0 0 0 0 0 0 0 0 0 0 
1105 0 0 0 0 0 0 0 0 0 0 0 0 0 0 0 0 0 0 0 0 0 
930 0 0 0 0 0 0 0 0 0 0 0 0 0 0 0 0 0 0 0 0 0 
707 0 0 0 0 0 0 0 0 0 0 0 0 0 0 0 0 0 0 0 0 0 
485 0 0 0 0 0 0 0 0 0 0 0 0 0 0 0 0 0 0 0 0 0 
348 0 0 0 0 0 0 0 0 0 0 0 0 0 0 0 0 0 0 0 0 0 
207 0 0 0 0 0 0 0 0 0 0 0 0 0 0 0 0 0 0 0 0 0 
128 0 0 0 0 0 0 0 0 0 0 0 0 0 0 0 0 0 0 0 0 0 
63 0 0 0 0 0 0 0 0 0 0 0 0 0 0 0 0 0 0 0 0 0 
30 0 0 0 0 0 0 0 0 0 0 0 0 0 0 0 0 0 0 0 0 0 
4 0 0 0 0 0 0 0 0 0 0 0 0 0 0 0 0 0 0 0 0 0 
0 0 0 0 0 0 0 0 0 0 0 0 0 0 0 0 0 0 0 0 0 0 
10000 9990 9967 9922 9852 9826 9707 9639 9546 9474 9362 9162 9018 8819 8620 8341 8092 7676 7172 6550 5760 4469 
5459 0 0 0 0 0 0 0 0 0 0 0 0 0 0 0 0 0 0 0 0 0 
4230 0 0 0 0 0 0 0 0 0 0 0 0 0 0 0 0 0 0 0 0 0 
3471 0 0 0 0 0 0 0 0 0 0 0 0 0 0 0 0 0 0 0 0 0 
2879 0 0 0 0 0 0 0 0 0 0 0 0 0 0 0 0 0 0 0 0 0 
2448 0 0 0 0 0 0 0 0 0 0 0 0 0 0 0 0 0 0 0 0 0 
2083 0 0 0 0 0 0 0 0 0 0 0 0 0 0 0 0 0 0 0 0 0 
1754 0 0 0 0 0 0 0 0 0 0 0 0 0 0 0 0 0 0 0 0 0 
1480 0 0 0 0 0 0 0 0 0 0 0 0 0 0 0 0 0 0 0 0 0 
1221 0 0 0 0 0 0 0 0 0 0 0 0 0 0 0 0 0 0 0 0 0 
1019 0 0 0 0 0 0 0 0 0 0 0 0 0 0 0 0 0 0 0 0 0 
820 0 0 0 0 0 0 0 0 0 0 0 0 0 0 0 0 0 0 0 0 0 
659 0 0 0 0 0 0 0 0 0 0 0 0 0 0 0 0 0 0 0 0 0 
503 0 0 0 0 0 0 0 0 0 0 0 0 0 0 0 0 0 0 0 0 0 
378 0 0 0 0 0 0 0 0 0 0 0 0 0 0 0 0 0 0 0 0 0 
272 0 0 0 0 0 0 0 0 0 0 0 0 0 0 0 0 0 0 0 0 0 
175 0 0 0 0 0 0 0 0 0 0 0 0 0 0 0 0 0 0 0 0 0 
113 0 0 0 0 0 0 0 0 0 0 0 0 0 0 0 0 0 0 0 0 0 
51 0 0 0 0 0 0 0 0 0 0 0 0 0 0 0 0 0 0 0 0 0 
19 0 0 0 0 0 0 0 0 0 0 0 0 0 0 0 0 0 0 0 0 0 
2 0 0 0 0 0 0 0 0 0 0 0 0 0 0 0 0 0 0 0 0 0 
0 0 0 0 0 0 0 0 0 0 0 0 0 0 0 0 0 0 0 0 0 0 
10000 9983 9948 9882 9771 9669 9552 9442 9240 9044 8860 8549 8143 7806 7333 6752 6168 5476 4645 3727 2694 1462 
8254 46 4 2 1 0 0 0 0 0 0 0 0 0 0 0 0 0 0 0 0 0 
7104 2 0 0 0 0 0 0 0 0 0 0 0 0 0 0 0 0 0 0 0 0 
6157 0 0 0 0 0 0 0 0 0 0 0 0 0 0 0 0 0 0 0 0 0 
5384 0 0 0 0 0 0 0 0 0 0 0 0 0 0 0 0 0 0 0 0 0 
4713 0 0 0 0 0 0 0 0 0 0 0 0 0 0 0 0 0 0 0 0 0 
4093 0 0 0 0 0 0 0 0 0 0 0 0 0 0 0 0 0 0 0 0 0 
3465 0 0 0 0 0 0 0 0 0 0 0 0 0 0 0 0 0 0 0 0 0 
2942 0 0 0 0 0 0 0 0 0 0 0 0 0 0 0 0 0 0 0 0 0 
2445 0 0 0 0 0 0 0 0 0 0 0 0 0 0 0 0 0 0 0 0 0 
1964 0 0 0 0 0 0 0 0 0 0 0 0 0 0 0 0 0 0 0 0 0 
1579 0 0 0 0 0 0 0 0 0 0 0 0 0 0 0 0 0 0 0 0 0 
1178 0 0 0 0 0 0 0 0 0 0 0 0 0 0 0 0 0 0 0 0 0 
916 0 0 0 0 0 0 0 0 0 0 0 0 0 0 0 0 0 0 0 0 0 
628 0 0 0 0 0 0 0 0 0 0 0 0 0 0 0 0 0 0 0 0 0 
450 0 0 0 0 0 0 0 0 0 0 0 0 0 0 0 0 0 0 0 0 0 
280 0 0 0 0 0 0 0 0 0 0 0 0 0 0 0 0 0 0 0 0 0 
148 0 0 0 0 0 0 0 0 0 0 0 0 0 0 0 0 0 0 0 0 0 
65 0 0 0 0 0 0 0 0 0 0 0 0 0 0 0 0 0 0 0 0 0 
27 0 0 0 0 0 0 0 0 0 0 0 0 0 0 0 0 0 0 0 0 0 
6 0 0 0 0 0 0 0 0 0 0 0 0 0 0 0 0 0 0 0 0 0 
1 0 0 0 0 0 0 0 0 0 0 0 0 0 0 0 0 0 0 0 0 0 
10000 9978 9967 9895 9818 9746 9627 9582 9447 9298 9112 8905 8632 8386 8045 7651 7162 6620 5953 5249 4254 2914 
6936 0 0 0 0 0 0 0 0 0 0 0 0 0 0 0 0 0 0 0 0 0 
5651 0 0 0 0 0 0 0 0 0 0 0 0 0 0 0 0 0 0 0 0 0 
4752 0 0 0 0 0 0 0 0 0 0 0 0 0 0 0 0 0 0 0 0 0 
4045 0 0 0 0 0 0 0 0 0 0 0 0 0 0 0 0 0 0 0 0 0 
3469 0 0 0 0 0 0 0 0 0 0 0 0 0 0 0 0 0 0 0 0 0 
2994 0 0 0 0 0 0 0 0 0 0 0 0 0 0 0 0 0 0 0 0 0 
2577 0 0 0 0 0 0 0 0 0 0 0 0 0 0 0 0 0 0 0 0 0 
2178 0 0 0 0 0 0 0 0 0 0 0 0 0 0 0 0 0 0 0 0 0 
1764 0 0 0 0 0 0 0 0 0 0 0 0 0 0 0 0 0 0 0 0 0 
1409 0 0 0 0 0 0 0 0 0 0 0 0 0 0 0 0 0 0 0 0 0 
1120 0 0 0 0 0 0 0 0 0 0 0 0 0 0 0 0 0 0 0 0 0 
924 0 0 0 0 0 0 0 0 0 0 0 0 0 0 0 0 0 0 0 0 0 
695 0 0 0 0 0 0 0 0 0 0 0 0 0 0 0 0 0 0 0 0 0 
479 0 0 0 0 0 0 0 0 0 0 0 0 0 0 0 0 0 0 0 0 0 
325 0 0 0 0 0 0 0 0 0 0 0 0 0 0 0 0 0 0 0 0 0 
201 0 0 0 0 0 0 0 0 0 0 0 0 0 0 0 0 0 0 0 0 0 
130 0 0 0 0 0 0 0 0 0 0 0 0 0 0 0 0 0 0 0 0 0 
69 0 0 0 0 0 0 0 0 0 0 0 0 0 0 0 0 0 0 0 0 0 
30 0 0 0 0 0 0 0 0 0 0 0 0 0 0 0 0 0 0 0 0 0 
11 0 0 0 0 0 0 0 0 0 0 0 0 0 0 0 0 0 0 0 0 0 
0 0 0 0 0 0 0 0 0 0 0 0 0 0 0 0 0 0 0 0 0 0 
10000 9981 9962 9894 9800 9750 9653 9532 9419 9275 9127 8928 8658 8390 8082 7711 7242 6677 6058 5229 4236 2850 
6968 0 0 0 0 0 0 0 0 0 0 0 0 0 0 0 0 0 0 0 0 0 
5687 0 0 0 0 0 0 0 0 0 0 0 0 0 0 0 0 0 0 0 0 0 
4773 0 0 0 0 0 0 0 0 0 0 0 0 0 0 0 0 0 0 0 0 0 
4042 0 0 0 0 0 0 0 0 0 0 0 0 0 0 0 0 0 0 0 0 0 
3439 0 0 0 0 0 0 0 0 0 0 0 0 0 0 0 0 0 0 0 0 0 
2964 0 0 0 0 0 0 0 0 0 0 0 0 0 0 0 0 0 0 0 0 0 
2488 0 0 0 0 0 0 0 0 0 0 0 0 0 0 0 0 0 0 0 0 0 
2078 0 0 0 0 0 0 0 0 0 0 0 0 0 0 0 0 0 0 0 0 0 
1707 0 0 0 0 0 0 0 0 0 0 0 0 0 0 0 0 0 0 0 0 0 
1378 0 0 0 0 0 0 0 0 0 0 0 0 0 0 0 0 0 0 0 0 0 
1113 0 0 0 0 0 0 0 0 0 0 0 0 0 0 0 0 0 0 0 0 0 
877 0 0 0 0 0 0 0 0 0 0 0 0 0 0 0 0 0 0 0 0 0 
678 0 0 0 0 0 0 0 0 0 0 0 0 0 0 0 0 0 0 0 0 0 
508 0 0 0 0 0 0 0 0 0 0 0 0 0 0 0 0 0 0 0 0 0 
369 0 0 0 0 0 0 0 0 0 0 0 0 0 0 0 0 0 0 0 0 0 
239 0 0 0 0 0 0 0 0 0 0 0 0 0 0 0 0 0 0 0 0 0 
136 0 0 0 0 0 0 0 0 0 0 0 0 0 0 0 0 0 0 0 0 0 
74 0 0 0 0 0 0 0 0 0 0 0 0 0 0 0 0 0 0 0 0 0 
21 0 0 0 0 0 0 0 0 0 0 0 0 0 0 0 0 0 0 0 0 0 
6 0 0 0 0 0 0 0 0 0 0 0 0 0 0 0 0 0 0 0 0 0 
1 0 0 0 0 0 0 0 0 0 0 0 0 0 0 0 0 0 0 0 0 0 
10000 9992 9977 9924 9848 9817 9733 9628 9539 9449 9333 9212 8992 8772 8569 8287 7986 7612 7152 6549 5732 4523 
5405 0 0 0 0 0 0 0 0 0 0 0 0 0 0 0 0 0 0 0 0 0 
4199 0 0 0 0 0 0 0 0 0 0 0 0 0 0 0 0 0 0 0 0 0 
3471 0 0 0 0 0 0 0 0 0 0 0 0 0 0 0 0 0 0 0 0 0 
2936 0 0 0 0 0 0 0 0 0 0 0 0 0 0 0 0 0 0 0 0 0 
2492 0 0 0 0 0 0 0 0 0 0 0 0 0 0 0 0 0 0 0 0 0 
2154 0 0 0 0 0 0 0 0 0 0 0 0 0 0 0 0 0 0 0 0 0 
1813 0 0 0 0 0 0 0 0 0 0 0 0 0 0 0 0 0 0 0 0 0 
1515 0 0 0 0 0 0 0 0 0 0 0 0 0 0 0 0 0 0 0 0 0 
1305 0 0 0 0 0 0 0 0 0 0 0 0 0 0 0 0 0 0 0 0 0 
1056 0 0 0 0 0 0 0 0 0 0 0 0 0 0 0 0 0 0 0 0 0 
837 0 0 0 0 0 0 0 0 0 0 0 0 0 0 0 0 0 0 0 0 0 
655 0 0 0 0 0 0 0 0 0 0 0 0 0 0 0 0 0 0 0 0 0 
502 0 0 0 0 0 0 0 0 0 0 0 0 0 0 0 0 0 0 0 0 0 
365 0 0 0 0 0 0 0 0 0 0 0 0 0 0 0 0 0 0 0 0 0 
261 0 0 0 0 0 0 0 0 0 0 0 0 0 0 0 0 0 0 0 0 0 
187 0 0 0 0 0 0 0 0 0 0 0 0 0 0 0 0 0 0 0 0 0 
110 0 0 0 0 0 0 0 0 0 0 0 0 0 0 0 0 0 0 0 0 0 
63 0 0 0 0 0 0 0 0 0 0 0 0 0 0 0 0 0 0 0 0 0 
34 0 0 0 0 0 0 0 0 0 0 0 0 0 0 0 0 0 0 0 0 0 
13 0 0 0 0 0 0 0 0 0 0 0 0 0 0 0 0 0 0 0 0 0 
1 0 0 0 0 0 0 0 0 0 0 0 0 0 0 0 0 0 0 0 0 0 
10000 9985 9975 9905 9809 9734 9667 9557 9420 9296 9087 8878 8665 8392 8070 7680 7195 6590 5947 5230 4245 2801 
7017 0 0 0 0 0 0 0 0 0 0 0 0 0 0 0 0 0 0 0 0 0 
5633 0 0 0 0 0 0 0 0 0 0 0 0 0 0 0 0 0 0 0 0 0 
4771 0 0 0 0 0 0 0 0 0 0 0 0 0 0 0 0 0 0 0 0 0 
4127 0 0 0 0 0 0 0 0 0 0 0 0 0 0 0 0 0 0 0 0 0 
3573 0 0 0 0 0 0 0 0 0 0 0 0 0 0 0 0 0 0 0 0 0 
3076 0 0 0 0 0 0 0 0 0 0 0 0 0 0 0 0 0 0 0 0 0 
2544 0 0 0 0 0 0 0 0 0 0 0 0 0 0 0 0 0 0 0 0 0 
2079 0 0 0 0 0 0 0 0 0 0 0 0 0 0 0 0 0 0 0 0 0 
1736 0 0 0 0 0 0 0 0 0 0 0 0 0 0 0 0 0 0 0 0 0 
1400 0 0 0 0 0 0 0 0 0 0 0 0 0 0 0 0 0 0 0 0 0 
1143 0 0 0 0 0 0 0 0 0 0 0 0 0 0 0 0 0 0 0 0 0 
855 0 0 0 0 0 0 0 0 0 0 0 0 0 0 0 0 0 0 0 0 0 
680 0 0 0 0 0 0 0 0 0 0 0 0 0 0 0 0 0 0 0 0 0 
489 0 0 0 0 0 0 0 0 0 0 0 0 0 0 0 0 0 0 0 0 0 
323 0 0 0 0 0 0 0 0 0 0 0 0 0 0 0 0 0 0 0 0 0 
207 0 0 0 0 0 0 0 0 0 0 0 0 0 0 0 0 0 0 0 0 0 
121 0 0 0 0 0 0 0 0 0 0 0 0 0 0 0 0 0 0 0 0 0 
59 0 0 0 0 0 0 0 0 0 0 0 0 0 0 0 0 0 0 0 0 0 
29 0 0 0 0 0 0 0 0 0 0 0 0 0 0 0 0 0 0 0 0 0 
8 0 0 0 0 0 0 0 0 0 0 0 0 0 0 0 0 0 0 0 0 0 
2 0 0 0 0 0 0 0 0 0 0 0 0 0 0 0 0 0 0 0 0 0 
10000 9987 9975 9927 9876 9815 9756 9664 9585 9472 9350 9252 9062 8786 8596 8286 8016 7634 7182 6547 5792 4481 
5481 0 0 0 0 0 0 0 0 0 0 0 0 0 0 0 0 0 0 0 0 0 
4155 0 0 0 0 0 0 0 0 0 0 0 0 0 0 0 0 0 0 0 0 0 
3494 0 0 0 0 0 0 0 0 0 0 0 0 0 0 0 0 0 0 0 0 0 
2906 0 0 0 0 0 0 0 0 0 0 0 0 0 0 0 0 0 0 0 0 0 
2458 0 0 0 0 0 0 0 0 0 0 0 0 0 0 0 0 0 0 0 0 0 
2089 0 0 0 0 0 0 0 0 0 0 0 0 0 0 0 0 0 0 0 0 0 
1777 0 0 0 0 0 0 0 0 0 0 0 0 0 0 0 0 0 0 0 0 0 
1503 0 0 0 0 0 0 0 0 0 0 0 0 0 0 0 0 0 0 0 0 0 
1257 0 0 0 0 0 0 0 0 0 0 0 0 0 0 0 0 0 0 0 0 0 
1034 0 0 0 0 0 0 0 0 0 0 0 0 0 0 0 0 0 0 0 0 0 
810 0 0 0 0 0 0 0 0 0 0 0 0 0 0 0 0 0 0 0 0 0 
625 0 0 0 0 0 0 0 0 0 0 0 0 0 0 0 0 0 0 0 0 0 
493 0 0 0 0 0 0 0 0 0 0 0 0 0 0 0 0 0 0 0 0 0 
372 0 0 0 0 0 0 0 0 0 0 0 0 0 0 0 0 0 0 0 0 0 
229 0 0 0 0 0 0 0 0 0 0 0 0 0 0 0 0 0 0 0 0 0 
150 0 0 0 0 0 0 0 0 0 0 0 0 0 0 0 0 0 0 0 0 0 
75 0 0 0 0 0 0 0 0 0 0 0 0 0 0 0 0 0 0 0 0 0 
34 0 0 0 0 0 0 0 0 0 0 0 0 0 0 0 0 0 0 0 0 0 
14 0 0 0 0 0 0 0 0 0 0 0 0 0 0 0 0 0 0 0 0 0 
3 0 0 0 0 0 0 0 0 0 0 0 0 0 0 0 0 0 0 0 0 0 
0 0 0 0 0 0 0 0 0 0 0 0 0 0 0 0 0 0 0 0 0 0 
10000 9986 9976 9929 9877 9826 9757 9653 9532 9425 9387 9184 9038 8840 8631 8347 8050 7667 7184 6562 5761 4447 
5462 0 0 0 0 0 0 0 0 0 0 0 0 0 0 0 0 0 0 0 0 0 
4167 0 0 0 0 0 0 0 0 0 0 0 0 0 0 0 0 0 0 0 0 0 
3443 0 0 0 0 0 0 0 0 0 0 0 0 0 0 0 0 0 0 0 0 0 
2905 0 0 0 0 0 0 0 0 0 0 0 0 0 0 0 0 0 0 0 0 0 
2497 0 0 0 0 0 0 0 0 0 0 0 0 0 0 0 0 0 0 0 0 0 
2083 0 0 0 0 0 0 0 0 0 0 0 0 0 0 0 0 0 0 0 0 0 
1748 0 0 0 0 0 0 0 0 0 0 0 0 0 0 0 0 0 0 0 0 0 
1496 0 0 0 0 0 0 0 0 0 0 0 0 0 0 0 0 0 0 0 0 0 
1228 0 0 0 0 0 0 0 0 0 0 0 0 0 0 0 0 0 0 0 0 0 
1019 0 0 0 0 0 0 0 0 0 0 0 0 0 0 0 0 0 0 0 0 0 
810 0 0 0 0 0 0 0 0 0 0 0 0 0 0 0 0 0 0 0 0 0 
651 0 0 0 0 0 0 0 0 0 0 0 0 0 0 0 0 0 0 0 0 0 
477 0 0 0 0 0 0 0 0 0 0 0 0 0 0 0 0 0 0 0 0 0 
356 0 0 0 0 0 0 0 0 0 0 0 0 0 0 0 0 0 0 0 0 0 
261 0 0 0 0 0 0 0 0 0 0 0 0 0 0 0 0 0 0 0 0 0 
161 0 0 0 0 0 0 0 0 0 0 0 0 0 0 0 0 0 0 0 0 0 
97 0 0 0 0 0 0 0 0 0 0 0 0 0 0 0 0 0 0 0 0 0 
54 0 0 0 0 0 0 0 0 0 0 0 0 0 0 0 0 0 0 0 0 0 
18 0 0 0 0 0 0 0 0 0 0 0 0 0 0 0 0 0 0 0 0 0 
7 0 0 0 0 0 0 0 0 0 0 0 0 0 0 0 0 0 0 0 0 0 
1 0 0 0 0 0 0 0 0 0 0 0 0 0 0 0 0 0 0 0 0 0 
10000 9992 9974 9929 9889 9845 9796 9750 9665 9607 9519 9391 9258 9113 8944 8779 8580 8287 7979 7544 6931 5949 
4038 0 0 0 0 0 0 0 0 0 0 0 0 0 0 0 0 0 0 0 0 0 
3049 0 0 0 0 0 0 0 0 0 0 0 0 0 0 0 0 0 0 0 0 0 
2491 0 0 0 0 0 0 0 0 0 0 0 0 0 0 0 0 0 0 0 0 0 
2060 0 0 0 0 0 0 0 0 0 0 0 0 0 0 0 0 0 0 0 0 0 
1784 0 0 0 0 0 0 0 0 0 0 0 0 0 0 0 0 0 0 0 0 0 
1513 0 0 0 0 0 0 0 0 0 0 0 0 0 0 0 0 0 0 0 0 0 
1278 0 0 0 0 0 0 0 0 0 0 0 0 0 0 0 0 0 0 0 0 0 
1100 0 0 0 0 0 0 0 0 0 0 0 0 0 0 0 0 0 0 0 0 0 
925 0 0 0 0 0 0 0 0 0 0 0 0 0 0 0 0 0 0 0 0 0 
791 0 0 0 0 0 0 0 0 0 0 0 0 0 0 0 0 0 0 0 0 0 
619 0 0 0 0 0 0 0 0 0 0 0 0 0 0 0 0 0 0 0 0 0 
486 0 0 0 0 0 0 0 0 0 0 0 0 0 0 0 0 0 0 0 0 0 
380 0 0 0 0 0 0 0 0 0 0 0 0 0 0 0 0 0 0 0 0 0 
284 0 0 0 0 0 0 0 0 0 0 0 0 0 0 0 0 0 0 0 0 0 
210 0 0 0 0 0 0 0 0 0 0 0 0 0 0 0 0 0 0 0 0 0 
133 0 0 0 0 0 0 0 0 0 0 0 0 0 0 0 0 0 0 0 0 0 
74 0 0 0 0 0 0 0 0 0 0 0 0 0 0 0 0 0 0 0 0 0 
43 0 0 0 0 0 0 0 0 0 0 0 0 0 0 0 0 0 0 0 0 0 
16 0 0 0 0 0 0 0 0 0 0 0 0 0 0 0 0 0 0 0 0 0 
5 0 0 0 0 0 0 0 0 0 0 0 0 0 0 0 0 0 0 0 0 0 
0 0 0 0 0 0 0 0 0 0 0 0 0 0 0 0 0 0 0 0 0 0 
