320000 319106 317649 309896 297655 279910 256496 228407 197517 166499 137521 111710 89105 69931 53290 39044 26774 16313 
289834 253163 209155 147702 93164 53033 26793 11415 3592 764 131 23 2 0 0 0 0 0 
250813 170374 95119 31485 6814 977 72 6 0 0 0 0 0 0 0 0 0 0 
206367 102353 35788 4218 200 7 0 0 0 0 0 0 0 0 0 0 0 0 
158091 51253 9356 245 2 0 0 0 0 0 0 0 0 0 0 0 0 0 
111799 20209 1605 9 0 0 0 0 0 0 0 0 0 0 0 0 0 0 
73131 6034 138 1 0 0 0 0 0 0 0 0 0 0 0 0 0 0 
44441 1331 5 0 0 0 0 0 0 0 0 0 0 0 0 0 0 0 
25422 193 1 0 0 0 0 0 0 0 0 0 0 0 0 0 0 0 
13646 25 0 0 0 0 0 0 0 0 0 0 0 0 0 0 0 0 
7136 1 0 0 0 0 0 0 0 0 0 0 0 0 0 0 0 0 
3486 0 0 0 0 0 0 0 0 0 0 0 0 0 0 0 0 0 
1485 0 0 0 0 0 0 0 0 0 0 0 0 0 0 0 0 0 
552 0 0 0 0 0 0 0 0 0 0 0 0 0 0 0 0 0 
172 0 0 0 0 0 0 0 0 0 0 0 0 0 0 0 0 0 
41 0 0 0 0 0 0 0 0 0 0 0 0 0 0 0 0 0 
3 0 0 0 0 0 0 0 0 0 0 0 0 0 0 0 0 0 
0 0 0 0 0 0 0 0 0 0 0 0 0 0 0 0 0 0 
160000 159470 158544 153941 146187 136496 122916 108060 91349 75370 60100 47486 36460 27998 20647 14953 9960 6265 
147920 136674 118784 89442 57933 35060 17999 8457 2823 814 261 57 26 6 4 0 0 0 
125339 94022 54258 19353 3757 819 74 18 4 0 0 0 0 0 0 0 0 0 
101205 57052 20788 3086 162 24 2 0 0 0 0 0 0 0 0 0 0 0 
75191 27922 5323 274 6 2 0 0 0 0 0 0 0 0 0 0 0 0 
51729 11073 1060 37 0 0 0 0 0 0 0 0 0 0 0 0 0 0 
32608 3479 148 3 0 0 0 0 0 0 0 0 0 0 0 0 0 0 
18820 805 31 2 0 0 0 0 0 0 0 0 0 0 0 0 0 0 
9956 171 6 0 0 0 0 0 0 0 0 0 0 0 0 0 0 0 
4979 24 0 0 0 0 0 0 0 0 0 0 0 0 0 0 0 0 
2295 2 0 0 0 0 0 0 0 0 0 0 0 0 0 0 0 0 
1021 0 0 0 0 0 0 0 0 0 0 0 0 0 0 0 0 0 
409 0 0 0 0 0 0 0 0 0 0 0 0 0 0 0 0 0 
143 1 0 0 0 0 0 0 0 0 0 0 0 0 0 0 0 0 
46 0 0 0 0 0 0 0 0 0 0 0 0 0 0 0 0 0 
8 0 0 0 0 0 0 0 0 0 0 0 0 0 0 0 0 0 
1 0 0 0 0 0 0 0 0 0 0 0 0 0 0 0 0 0 
0 0 0 0 0 0 0 0 0 0 0 0 0 0 0 0 0 0 
160000 159603 158968 155740 150941 144419 135391 124829 113344 100804 88611 77117 66363 56101 46464 37040 27845 18594 
135301 107208 82569 55506 34491 19619 9978 4412 1425 344 53 9 0 0 0 0 0 0 
112251 65155 33070 10089 2104 265 18 1 0 0 0 0 0 0 0 0 0 0 
90678 37746 11962 1316 65 0 0 0 0 0 0 0 0 0 0 0 0 0 
69469 18522 3066 62 0 0 0 0 0 0 0 0 0 0 0 0 0 0 
50230 7533 489 2 0 0 0 0 0 0 0 0 0 0 0 0 0 0 
34442 2314 42 0 0 0 0 0 0 0 0 0 0 0 0 0 0 0 
22632 531 2 0 0 0 0 0 0 0 0 0 0 0 0 0 0 0 
14101 90 0 0 0 0 0 0 0 0 0 0 0 0 0 0 0 0 
8577 12 0 0 0 0 0 0 0 0 0 0 0 0 0 0 0 0 
5000 0 0 0 0 0 0 0 0 0 0 0 0 0 0 0 0 0 
2716 0 0 0 0 0 0 0 0 0 0 0 0 0 0 0 0 0 
1380 0 0 0 0 0 0 0 0 0 0 0 0 0 0 0 0 0 
629 0 0 0 0 0 0 0 0 0 0 0 0 0 0 0 0 0 
249 0 0 0 0 0 0 0 0 0 0 0 0 0 0 0 0 0 
80 0 0 0 0 0 0 0 0 0 0 0 0 0 0 0 0 0 
19 0 0 0 0 0 0 0 0 0 0 0 0 0 0 0 0 0 
2 0 0 0 0 0 0 0 0 0 0 0 0 0 0 0 0 0 
80000 79709 79122 77000 72394 67751 60206 52866 43782 35605 27438 21477 15961 11992 8480 6148 4011 2623 
74650 70630 63301 50751 32795 20876 10695 5377 1752 593 228 88 41 21 4 1 1 0 
62827 49245 28865 11121 1889 537 66 25 3 2 0 0 0 0 0 0 0 0 
49882 29806 10916 2058 105 29 3 1 0 0 0 0 0 0 0 0 0 0 
35739 14111 2541 208 11 4 0 0 0 0 0 0 0 0 0 0 0 0 
23980 5567 582 41 0 1 0 0 0 0 0 0 0 0 0 0 0 0 
14261 1688 92 7 0 0 0 0 0 0 0 0 0 0 0 0 0 0 
7843 419 16 0 0 0 0 0 0 0 0 0 0 0 0 0 0 0 
3850 93 5 1 0 0 0 0 0 0 0 0 0 0 0 0 0 0 
1885 17 2 0 0 0 0 0 0 0 0 0 0 0 0 0 0 0 
781 1 0 0 0 0 0 0 0 0 0 0 0 0 0 0 0 0 
338 2 0 0 0 0 0 0 0 0 0 0 0 0 0 0 0 0 
105 1 0 0 0 0 0 0 0 0 0 0 0 0 0 0 0 0 
38 0 0 0 0 0 0 0 0 0 0 0 0 0 0 0 0 0 
15 1 0 0 0 0 0 0 0 0 0 0 0 0 0 0 0 0 
3 0 0 0 0 0 0 0 0 0 0 0 0 0 0 0 0 0 
1 1 0 0 0 0 0 0 0 0 0 0 0 0 0 0 0 0 
0 0 0 0 0 0 0 0 0 0 0 0 0 0 0 0 0 0 
80000 79769 79370 77105 73596 67551 59604 50280 40821 32368 25435 19683 15012 11397 8472 5960 3919 2308 
74659 68139 59208 43614 27640 15086 6972 2629 728 160 30 6 1 0 0 0 0 0 
66559 50771 31630 11944 2796 382 24 3 0 0 0 0 0 0 0 0 0 0 
56369 32433 12971 1778 126 2 0 0 0 0 0 0 0 0 0 0 0 0 
43198 16382 3416 100 1 0 0 0 0 0 0 0 0 0 0 0 0 0 
29754 6240 509 7 0 0 0 0 0 0 0 0 0 0 0 0 0 0 
18182 1719 45 0 0 0 0 0 0 0 0 0 0 0 0 0 0 0 
10211 342 4 0 0 0 0 0 0 0 0 0 0 0 0 0 0 0 
5440 36 0 0 0 0 0 0 0 0 0 0 0 0 0 0 0 0 
2751 4 0 0 0 0 0 0 0 0 0 0 0 0 0 0 0 0 
1312 0 0 0 0 0 0 0 0 0 0 0 0 0 0 0 0 0 
615 0 0 0 0 0 0 0 0 0 0 0 0 0 0 0 0 0 
275 0 0 0 0 0 0 0 0 0 0 0 0 0 0 0 0 0 
94 0 0 0 0 0 0 0 0 0 0 0 0 0 0 0 0 0 
44 0 0 0 0 0 0 0 0 0 0 0 0 0 0 0 0 0 
7 0 0 0 0 0 0 0 0 0 0 0 0 0 0 0 0 0 
2 0 0 0 0 0 0 0 0 0 0 0 0 0 0 0 0 0 
0 0 0 0 0 0 0 0 0 0 0 0 0 0 0 0 0 0 
80000 79770 79342 77187 73577 69452 63617 57254 49877 42614 35594 29287 23697 19032 14822 11175 7962 5247 
71845 64394 54046 39366 24861 15029 7831 3618 1298 379 118 26 7 0 0 0 0 0 
59812 42121 23198 7717 1496 315 27 4 1 0 0 0 0 0 0 0 0 0 
47797 24912 8553 1141 45 6 1 1 0 0 0 0 0 0 0 0 0 0 
35620 12246 2179 98 1 1 0 0 0 0 0 0 0 0 0 0 0 0 
25078 4947 440 15 0 0 0 0 0 0 0 0 0 0 0 0 0 0 
16257 1568 54 1 0 0 0 0 0 0 0 0 0 0 0 0 0 0 
10007 351 7 0 0 0 0 0 0 0 0 0 0 0 0 0 0 0 
5678 63 0 0 0 0 0 0 0 0 0 0 0 0 0 0 0 0 
3076 7 1 0 0 0 0 0 0 0 0 0 0 0 0 0 0 0 
1566 1 0 0 0 0 0 0 0 0 0 0 0 0 0 0 0 0 
756 0 0 0 0 0 0 0 0 0 0 0 0 0 0 0 0 0 
330 0 0 0 0 0 0 0 0 0 0 0 0 0 0 0 0 0 
125 0 0 0 0 0 0 0 0 0 0 0 0 0 0 0 0 0 
47 0 0 0 0 0 0 0 0 0 0 0 0 0 0 0 0 0 
8 0 0 0 0 0 0 0 0 0 0 0 0 0 0 0 0 0 
1 0 0 0 0 0 0 0 0 0 0 0 0 0 0 0 0 0 
0 0 0 0 0 0 0 0 0 0 0 0 0 0 0 0 0 0 
80000 79862 79679 78815 77831 76424 74560 72336 69643 66384 62765 58806 54392 49487 44265 38442 31495 22865 
54976 26235 16198 9618 5719 3312 1798 828 281 73 12 1 0 0 0 0 0 0 
42499 11741 4239 1078 211 25 1 0 0 0 0 0 0 0 0 0 0 0 
33497 5942 1263 116 2 0 0 0 0 0 0 0 0 0 0 0 0 0 
26398 2854 288 3 0 0 0 0 0 0 0 0 0 0 0 0 0 0 
20624 1218 50 0 0 0 0 0 0 0 0 0 0 0 0 0 0 0 
15629 434 4 0 0 0 0 0 0 0 0 0 0 0 0 0 0 0 
11590 108 0 0 0 0 0 0 0 0 0 0 0 0 0 0 0 0 
8324 16 0 0 0 0 0 0 0 0 0 0 0 0 0 0 0 0 
5805 4 0 0 0 0 0 0 0 0 0 0 0 0 0 0 0 0 
3862 0 0 0 0 0 0 0 0 0 0 0 0 0 0 0 0 0 
2424 0 0 0 0 0 0 0 0 0 0 0 0 0 0 0 0 0 
1456 0 0 0 0 0 0 0 0 0 0 0 0 0 0 0 0 0 
729 0 0 0 0 0 0 0 0 0 0 0 0 0 0 0 0 0 
320 0 0 0 0 0 0 0 0 0 0 0 0 0 0 0 0 0 
112 0 0 0 0 0 0 0 0 0 0 0 0 0 0 0 0 0 
29 0 0 0 0 0 0 0 0 0 0 0 0 0 0 0 0 0 
3 0 0 0 0 0 0 0 0 0 0 0 0 0 0 0 0 0 
40000 39845 39549 38680 35922 33790 29813 26003 21092 17126 12892 10121 7277 5590 3925 2908 1866 1246 
37551 35805 32465 27328 17429 11573 5890 3042 943 318 125 72 23 9 3 1 3 0 
31168 25069 14699 6229 886 304 40 20 1 0 1 0 0 0 0 0 0 0 
24845 15334 5537 1338 50 19 3 0 0 0 0 0 0 0 0 0 0 0 
17309 7059 1140 160 13 5 2 1 0 0 0 0 0 0 0 0 0 0 
11401 2621 278 36 3 1 0 0 0 0 0 0 0 0 0 0 0 0 
6473 778 52 6 0 0 0 0 0 0 0 0 0 0 0 0 0 0 
3539 244 10 2 0 0 0 0 0 0 0 0 0 0 0 0 0 0 
1688 65 4 0 0 0 0 0 0 0 0 0 0 0 0 0 0 0 
779 19 0 0 0 0 0 0 0 0 0 0 0 0 0 0 0 0 
332 4 0 0 0 0 0 0 0 0 0 0 0 0 0 0 0 0 
135 1 0 0 0 0 0 0 0 0 0 0 0 0 0 0 0 0 
47 0 0 0 0 0 0 0 0 0 0 0 0 0 0 0 0 0 
16 0 0 0 0 0 0 0 0 0 0 0 0 0 0 0 0 0 
5 0 0 0 0 0 0 0 0 0 0 0 0 0 0 0 0 0 
2 0 0 0 0 0 0 0 0 0 0 0 0 0 0 0 0 0 
2 0 0 0 0 0 0 0 0 0 0 0 0 0 0 0 0 0 
0 0 0 0 0 0 0 0 0 0 0 0 0 0 0 0 0 0 
40000 39883 39626 38244 35414 29788 22516 15697 10702 7447 5186 3623 2561 1733 1103 680 392 189 
38462 36922 34642 28161 18349 9105 3397 885 170 38 3 2 0 0 0 0 0 0 
36121 31761 24846 12643 3838 658 52 4 1 0 0 0 0 0 0 0 0 0 
31854 23136 12868 3044 285 23 0 0 0 0 0 0 0 0 0 0 0 0 
23957 11925 3668 270 17 0 0 0 0 0 0 0 0 0 0 0 0 0 
14583 3924 587 15 0 0 0 0 0 0 0 0 0 0 0 0 0 0 
7214 843 37 1 0 0 0 0 0 0 0 0 0 0 0 0 0 0 
3431 117 5 0 0 0 0 0 0 0 0 0 0 0 0 0 0 0 
1543 12 0 0 0 0 0 0 0 0 0 0 0 0 0 0 0 0 
796 2 0 0 0 0 0 0 0 0 0 0 0 0 0 0 0 0 
475 0 0 0 0 0 0 0 0 0 0 0 0 0 0 0 0 0 
270 0 0 0 0 0 0 0 0 0 0 0 0 0 0 0 0 0 
155 0 0 0 0 0 0 0 0 0 0 0 0 0 0 0 0 0 
64 0 0 0 0 0 0 0 0 0 0 0 0 0 0 0 0 0 
21 0 0 0 0 0 0 0 0 0 0 0 0 0 0 0 0 0 
11 0 0 0 0 0 0 0 0 0 0 0 0 0 0 0 0 0 
3 0 0 0 0 0 0 0 0 0 0 0 0 0 0 0 0 0 
0 0 0 0 0 0 0 0 0 0 0 0 0 0 0 0 0 0 
40000 39883 39606 38373 36165 33605 29581 25557 20882 16620 12688 9610 7049 5203 3669 2511 1569 921 
37628 35471 31498 24149 15653 9555 4710 2208 719 227 76 18 4 0 1 0 0 0 
32527 25526 15579 5681 1090 246 37 8 1 0 0 0 0 0 0 0 0 0 
26645 16024 6119 971 61 6 3 1 1 0 0 0 0 0 0 0 0 0 
19773 7874 1545 90 3 0 0 0 0 0 0 0 0 0 0 0 0 0 
13429 3057 322 6 1 0 0 0 0 0 0 0 0 0 0 0 0 0 
8187 936 48 2 0 0 0 0 0 0 0 0 0 0 0 0 0 0 
4526 230 11 2 0 0 0 0 0 0 0 0 0 0 0 0 0 0 
2229 52 0 0 0 0 0 0 0 0 0 0 0 0 0 0 0 0 
1012 9 0 0 0 0 0 0 0 0 0 0 0 0 0 0 0 0 
437 1 0 0 0 0 0 0 0 0 0 0 0 0 0 0 0 0 
187 0 0 0 0 0 0 0 0 0 0 0 0 0 0 0 0 0 
69 0 0 0 0 0 0 0 0 0 0 0 0 0 0 0 0 0 
20 0 0 0 0 0 0 0 0 0 0 0 0 0 0 0 0 0 
5 0 0 0 0 0 0 0 0 0 0 0 0 0 0 0 0 0 
2 0 0 0 0 0 0 0 0 0 0 0 0 0 0 0 0 0 
0 0 0 0 0 0 0 0 0 0 0 0 0 0 0 0 0 0 
0 0 0 0 0 0 0 0 0 0 0 0 0 0 0 0 0 0 
40000 39900 39740 38730 37121 35003 32453 29331 25802 22298 18696 15456 12523 9982 7773 5836 4121 2656 
35656 30763 25085 17514 11010 6279 3325 1488 468 121 20 3 1 0 0 0 0 0 
30362 19921 10801 3452 751 89 5 0 0 0 0 0 0 0 0 0 0 0 
24571 11571 4026 448 24 0 0 0 0 0 0 0 0 0 0 0 0 0 
18692 5810 1043 29 0 0 0 0 0 0 0 0 0 0 0 0 0 0 
13449 2432 195 0 0 0 0 0 0 0 0 0 0 0 0 0 0 0 
8971 749 18 0 0 0 0 0 0 0 0 0 0 0 0 0 0 0 
5669 171 1 0 0 0 0 0 0 0 0 0 0 0 0 0 0 0 
3458 27 0 0 0 0 0 0 0 0 0 0 0 0 0 0 0 0 
2024 6 0 0 0 0 0 0 0 0 0 0 0 0 0 0 0 0 
1106 0 0 0 0 0 0 0 0 0 0 0 0 0 0 0 0 0 
564 0 0 0 0 0 0 0 0 0 0 0 0 0 0 0 0 0 
255 0 0 0 0 0 0 0 0 0 0 0 0 0 0 0 0 0 
103 0 0 0 0 0 0 0 0 0 0 0 0 0 0 0 0 0 
39 0 0 0 0 0 0 0 0 0 0 0 0 0 0 0 0 0 
13 0 0 0 0 0 0 0 0 0 0 0 0 0 0 0 0 0 
1 0 0 0 0 0 0 0 0 0 0 0 0 0 0 0 0 0 
0 0 0 0 0 0 0 0 0 0 0 0 0 0 0 0 0 0 
40000 39840 39595 38622 36403 34163 30607 27099 22968 18981 15086 11926 9116 7221 5266 3934 2682 1787 
36923 34571 30490 23927 15424 9838 5015 2524 892 294 114 38 19 6 0 0 0 0 
30646 23485 13480 5121 892 245 28 10 0 0 0 0 0 0 0 0 0 0 
24162 14058 4989 899 41 6 2 0 0 0 0 0 0 0 0 0 0 0 
17453 6731 1179 91 3 1 0 0 0 0 0 0 0 0 0 0 0 0 
11792 2671 239 11 0 0 0 0 0 0 0 0 0 0 0 0 0 0 
7248 860 34 2 0 0 0 0 0 0 0 0 0 0 0 0 0 0 
4121 223 4 3 0 0 0 0 0 0 0 0 0 0 0 0 0 0 
2071 44 1 0 0 0 0 0 0 0 0 0 0 0 0 0 0 0 
1035 16 0 0 0 0 0 0 0 0 0 0 0 0 0 0 0 0 
434 3 0 0 0 0 0 0 0 0 0 0 0 0 0 0 0 0 
208 0 0 0 0 0 0 0 0 0 0 0 0 0 0 0 0 0 
62 0 0 0 0 0 0 0 0 0 0 0 0 0 0 0 0 0 
21 0 0 0 0 0 0 0 0 0 0 0 0 0 0 0 0 0 
3 0 0 0 0 0 0 0 0 0 0 0 0 0 0 0 0 0 
1 0 0 0 0 0 0 0 0 0 0 0 0 0 0 0 0 0 
0 0 0 0 0 0 0 0 0 0 0 0 0 0 0 0 0 0 
0 0 0 0 0 0 0 0 0 0 0 0 0 0 0 0 0 0 
40000 39914 39764 38995 37806 36232 34139 31735 28968 26082 23168 20510 17893 15483 13084 10808 8379 5968 
32598 25815 20015 13603 8428 4912 2633 1209 375 85 15 1 0 0 0 0 0 0 
26426 15362 7865 2497 501 58 10 2 1 0 0 0 0 0 0 0 0 0 
20941 8825 2787 298 15 1 0 0 0 0 0 0 0 0 0 0 0 0 
15892 4388 739 21 0 0 0 0 0 0 0 0 0 0 0 0 0 0 
11623 1734 127 0 0 0 0 0 0 0 0 0 0 0 0 0 0 0 
7964 570 10 0 0 0 0 0 0 0 0 0 0 0 0 0 0 0 
5163 131 2 0 0 0 0 0 0 0 0 0 0 0 0 0 0 0 
3220 19 0 0 0 0 0 0 0 0 0 0 0 0 0 0 0 0 
1917 2 0 0 0 0 0 0 0 0 0 0 0 0 0 0 0 0 
1083 1 0 0 0 0 0 0 0 0 0 0 0 0 0 0 0 0 
637 0 0 0 0 0 0 0 0 0 0 0 0 0 0 0 0 0 
319 0 0 0 0 0 0 0 0 0 0 0 0 0 0 0 0 0 
145 0 0 0 0 0 0 0 0 0 0 0 0 0 0 0 0 0 
66 0 0 0 0 0 0 0 0 0 0 0 0 0 0 0 0 0 
18 0 0 0 0 0 0 0 0 0 0 0 0 0 0 0 0 0 
3 0 0 0 0 0 0 0 0 0 0 0 0 0 0 0 0 0 
0 0 0 0 0 0 0 0 0 0 0 0 0 0 0 0 0 0 
40000 39913 39769 39190 38211 37151 35709 33887 31903 29541 26895 24298 21650 18990 16242 13511 10586 7428 
31266 21798 15473 9972 6068 3640 1994 928 351 88 21 4 1 0 0 0 0 0 
24579 11245 4680 1305 241 40 3 1 0 0 0 0 0 0 0 0 0 0 
19404 5994 1515 196 8 0 0 0 0 0 0 0 0 0 0 0 0 0 
15024 2894 353 13 0 0 0 0 0 0 0 0 0 0 0 0 0 0 
11158 1152 61 0 0 0 0 0 0 0 0 0 0 0 0 0 0 0 
8014 412 9 0 0 0 0 0 0 0 0 0 0 0 0 0 0 0 
5602 91 0 0 0 0 0 0 0 0 0 0 0 0 0 0 0 0 
3860 22 0 0 0 0 0 0 0 0 0 0 0 0 0 0 0 0 
2436 1 0 0 0 0 0 0 0 0 0 0 0 0 0 0 0 0 
1524 1 0 0 0 0 0 0 0 0 0 0 0 0 0 0 0 0 
881 0 0 0 0 0 0 0 0 0 0 0 0 0 0 0 0 0 
466 0 0 0 0 0 0 0 0 0 0 0 0 0 0 0 0 0 
222 0 0 0 0 0 0 0 0 0 0 0 0 0 0 0 0 0 
81 0 0 0 0 0 0 0 0 0 0 0 0 0 0 0 0 0 
27 0 0 0 0 0 0 0 0 0 0 0 0 0 0 0 0 0 
6 0 0 0 0 0 0 0 0 0 0 0 0 0 0 0 0 0 
1 0 0 0 0 0 0 0 0 0 0 0 0 0 0 0 0 0 
40000 39954 39906 39669 39426 39060 38692 38227 37600 36775 35712 34515 33096 31330 29183 26454 22780 17495 
22145 1512 553 259 149 73 42 9 3 0 0 0 0 0 0 0 0 0 
16779 361 60 9 2 0 0 0 0 0 0 0 0 0 0 0 0 0 
13375 164 15 1 0 0 0 0 0 0 0 0 0 0 0 0 0 0 
10808 71 2 0 0 0 0 0 0 0 0 0 0 0 0 0 0 0 
8720 29 0 0 0 0 0 0 0 0 0 0 0 0 0 0 0 0 
6917 12 0 0 0 0 0 0 0 0 0 0 0 0 0 0 0 0 
5420 4 0 0 0 0 0 0 0 0 0 0 0 0 0 0 0 0 
4074 0 0 0 0 0 0 0 0 0 0 0 0 0 0 0 0 0 
3040 0 0 0 0 0 0 0 0 0 0 0 0 0 0 0 0 0 
2154 0 0 0 0 0 0 0 0 0 0 0 0 0 0 0 0 0 
1496 0 0 0 0 0 0 0 0 0 0 0 0 0 0 0 0 0 
949 0 0 0 0 0 0 0 0 0 0 0 0 0 0 0 0 0 
528 0 0 0 0 0 0 0 0 0 0 0 0 0 0 0 0 0 
273 0 0 0 0 0 0 0 0 0 0 0 0 0 0 0 0 0 
90 0 0 0 0 0 0 0 0 0 0 0 0 0 0 0 0 0 
25 0 0 0 0 0 0 0 0 0 0 0 0 0 0 0 0 0 
3 0 0 0 0 0 0 0 0 0 0 0 0 0 0 0 0 0 
20000 19929 19731 19410 17794 16768 14690 12967 10212 8443 6319 4953 3494 2689 1864 1379 910 622 
18805 18020 16418 14238 8803 5841 2977 1633 451 179 80 42 16 9 8 2 4 0 
15535 12649 7410 3374 352 132 27 15 1 0 1 1 0 0 0 0 0 0 
12424 7970 2904 838 41 12 1 0 0 0 0 0 0 0 0 0 0 0 
8465 3499 510 101 4 2 1 0 0 0 0 0 0 0 0 0 0 0 
5605 1339 149 29 0 2 0 0 0 0 0 0 0 0 0 0 0 0 
3064 415 29 5 0 0 0 0 0 0 0 0 0 0 0 0 0 0 
1693 157 11 3 0 0 0 0 0 0 0 0 0 0 0 0 0 0 
837 42 5 0 0 0 0 0 0 0 0 0 0 0 0 0 0 0 
395 12 1 1 0 0 0 0 0 0 0 0 0 0 0 0 0 0 
145 4 0 0 0 0 0 0 0 0 0 0 0 0 0 0 0 0 
53 3 0 0 0 0 0 0 0 0 0 0 0 0 0 0 0 0 
16 1 0 0 0 0 0 0 0 0 0 0 0 0 0 0 0 0 
8 0 0 0 0 0 0 0 0 0 0 0 0 0 0 0 0 0 
2 0 0 0 0 0 0 0 0 0 0 0 0 0 0 0 0 0 
2 1 0 0 0 0 0 0 0 0 0 0 0 0 0 0 0 0 
2 0 0 0 0 0 0 0 0 0 0 0 0 0 0 0 0 0 
0 0 0 0 0 0 0 0 0 0 0 0 0 0 0 0 0 0 
20000 19933 19798 18899 16088 11348 6443 3370 1793 1082 674 439 273 179 102 65 39 27 
19359 18829 18189 15813 10583 5036 1668 373 69 7 3 0 0 0 0 0 0 0 
18280 17093 15339 10432 4206 985 97 10 0 0 1 0 0 0 0 0 0 0 
16266 13330 9818 3766 683 57 8 1 0 0 1 0 0 0 0 0 0 0 
11702 7337 3396 611 43 1 0 0 0 0 0 0 0 0 0 0 0 0 
6378 2466 710 36 6 0 0 0 0 0 0 0 0 0 0 0 0 0 
2694 468 59 4 0 0 0 0 0 0 0 0 0 0 0 0 0 0 
1189 57 0 0 0 0 0 0 0 0 0 0 0 0 0 0 0 0 
717 7 0 0 0 0 0 0 0 0 0 0 0 0 0 0 0 0 
459 0 0 0 0 0 0 0 0 0 0 0 0 0 0 0 0 0 
326 0 0 0 0 0 0 0 0 0 0 0 0 0 0 0 0 0 
218 0 0 0 0 0 0 0 0 0 0 0 0 0 0 0 0 0 
130 0 0 0 0 0 0 0 0 0 0 0 0 0 0 0 0 0 
81 0 0 0 0 0 0 0 0 0 0 0 0 0 0 0 0 0 
32 0 0 0 0 0 0 0 0 0 0 0 0 0 0 0 0 0 
15 0 0 0 0 0 0 0 0 0 0 0 0 0 0 0 0 0 
4 0 0 0 0 0 0 0 0 0 0 0 0 0 0 0 0 0 
0 0 0 0 0 0 0 0 0 0 0 0 0 0 0 0 0 0 
20000 19935 19803 19114 17861 16364 14092 11826 9215 6994 4989 3515 2382 1624 1045 684 389 222 
19065 18211 16789 13430 8806 5309 2609 1206 374 101 31 12 3 1 0 1 0 0 
16755 13910 9117 3692 792 171 21 4 1 0 0 0 0 0 0 0 0 0 
13839 9003 3864 639 51 7 1 0 0 0 0 0 0 0 0 0 0 0 
10185 4506 1052 53 2 0 0 0 0 0 0 0 0 0 0 0 0 0 
6614 1719 194 11 1 0 0 0 0 0 0 0 0 0 0 0 0 0 
3771 508 24 0 0 0 0 0 0 0 0 0 0 0 0 0 0 0 
1929 116 7 1 0 0 0 0 0 0 0 0 0 0 0 0 0 0 
851 21 3 0 0 0 0 0 0 0 0 0 0 0 0 0 0 0 
350 12 0 0 0 0 0 0 0 0 0 0 0 0 0 0 0 0 
137 0 0 0 0 0 0 0 0 0 0 0 0 0 0 0 0 0 
43 0 0 0 0 0 0 0 0 0 0 0 0 0 0 0 0 0 
18 0 0 0 0 0 0 0 0 0 0 0 0 0 0 0 0 0 
2 0 0 0 0 0 0 0 0 0 0 0 0 0 0 0 0 0 
1 0 0 0 0 0 0 0 0 0 0 0 0 0 0 0 0 0 
0 0 0 0 0 0 0 0 0 0 0 0 0 0 0 0 0 0 
0 0 0 0 0 0 0 0 0 0 0 0 0 0 0 0 0 0 
0 0 0 0 0 0 0 0 0 0 0 0 0 0 0 0 0 0 
20000 19939 19858 19173 18369 17182 15810 14299 12648 10793 8867 6969 5205 3744 2537 1607 975 524 
18600 16376 13299 9006 5621 3186 1724 831 299 78 15 4 1 0 0 0 0 0 
16131 10512 5557 1663 320 30 1 1 0 0 0 0 0 0 0 0 0 0 
13100 6026 1956 222 14 0 0 0 0 0 0 0 0 0 0 0 0 0 
10106 3018 523 12 0 0 0 0 0 0 0 0 0 0 0 0 0 0 
7406 1219 93 0 0 0 0 0 0 0 0 0 0 0 0 0 0 0 
5242 460 7 0 0 0 0 0 0 0 0 0 0 0 0 0 0 0 
3558 130 0 0 0 0 0 0 0 0 0 0 0 0 0 0 0 0 
2266 22 0 0 0 0 0 0 0 0 0 0 0 0 0 0 0 0 
1381 3 0 0 0 0 0 0 0 0 0 0 0 0 0 0 0 0 
789 0 0 0 0 0 0 0 0 0 0 0 0 0 0 0 0 0 
423 0 0 0 0 0 0 0 0 0 0 0 0 0 0 0 0 0 
186 0 0 0 0 0 0 0 0 0 0 0 0 0 0 0 0 0 
63 0 0 0 0 0 0 0 0 0 0 0 0 0 0 0 0 0 
18 0 0 0 0 0 0 0 0 0 0 0 0 0 0 0 0 0 
2 0 0 0 0 0 0 0 0 0 0 0 0 0 0 0 0 0 
1 0 0 0 0 0 0 0 0 0 0 0 0 0 0 0 0 0 
0 0 0 0 0 0 0 0 0 0 0 0 0 0 0 0 0 0 
20000 19916 19759 19157 17902 16766 14816 12848 10455 8342 6305 4860 3483 2573 1784 1264 787 502 
18866 17943 16158 13030 8339 5299 2695 1376 429 141 54 25 14 3 1 0 0 0 
16048 12809 7686 3100 500 133 22 7 1 0 0 0 0 0 0 0 0 0 
12930 7904 2930 594 34 7 1 0 0 0 0 0 0 0 0 0 0 0 
9231 3671 676 65 4 0 0 0 0 0 0 0 0 0 0 0 0 0 
6079 1449 150 10 0 0 0 0 0 0 0 0 0 0 0 0 0 0 
3635 475 27 2 0 0 0 0 0 0 0 0 0 0 0 0 0 0 
2026 108 4 0 0 0 0 0 0 0 0 0 0 0 0 0 0 0 
997 20 1 0 0 0 0 0 0 0 0 0 0 0 0 0 0 0 
473 2 0 0 0 0 0 0 0 0 0 0 0 0 0 0 0 0 
192 4 0 0 0 0 0 0 0 0 0 0 0 0 0 0 0 0 
70 0 0 0 0 0 0 0 0 0 0 0 0 0 0 0 0 0 
25 0 0 0 0 0 0 0 0 0 0 0 0 0 0 0 0 0 
5 0 0 0 0 0 0 0 0 0 0 0 0 0 0 0 0 0 
1 0 0 0 0 0 0 0 0 0 0 0 0 0 0 0 0 0 
0 0 0 0 0 0 0 0 0 0 0 0 0 0 0 0 0 0 
0 0 0 0 0 0 0 0 0 0 0 0 0 0 0 0 0 0 
0 0 0 0 0 0 0 0 0 0 0 0 0 0 0 0 0 0 
20000 19933 19831 19344 18374 16896 14993 12813 10437 8288 6468 4954 3698 2669 1916 1299 795 440 
18793 17143 14839 10739 6846 3730 1838 718 195 35 3 2 0 0 0 0 0 0 
16750 12514 7535 2684 610 84 11 0 0 0 0 0 0 0 0 0 0 0 
14191 7959 3074 390 20 0 0 0 0 0 0 0 0 0 0 0 0 0 
10880 4006 820 25 0 0 0 0 0 0 0 0 0 0 0 0 0 0 
7652 1567 140 2 0 0 0 0 0 0 0 0 0 0 0 0 0 0 
4794 439 11 0 0 0 0 0 0 0 0 0 0 0 0 0 0 0 
2772 100 0 0 0 0 0 0 0 0 0 0 0 0 0 0 0 0 
1465 12 0 0 0 0 0 0 0 0 0 0 0 0 0 0 0 0 
772 0 0 0 0 0 0 0 0 0 0 0 0 0 0 0 0 0 
389 0 0 0 0 0 0 0 0 0 0 0 0 0 0 0 0 0 
183 0 0 0 0 0 0 0 0 0 0 0 0 0 0 0 0 0 
72 0 0 0 0 0 0 0 0 0 0 0 0 0 0 0 0 0 
33 0 0 0 0 0 0 0 0 0 0 0 0 0 0 0 0 0 
11 0 0 0 0 0 0 0 0 0 0 0 0 0 0 0 0 0 
4 0 0 0 0 0 0 0 0 0 0 0 0 0 0 0 0 0 
0 0 0 0 0 0 0 0 0 0 0 0 0 0 0 0 0 0 
0 0 0 0 0 0 0 0 0 0 0 0 0 0 0 0 0 0 
20000 19926 19816 19256 18284 17154 15478 13652 11686 9602 7722 6204 4805 3666 2693 1964 1279 819 
18476 17041 14692 10995 7089 4323 2180 1065 378 112 38 8 4 1 0 0 0 0 
15559 11620 6605 2320 423 88 5 5 0 0 0 0 0 0 0 0 0 0 
12457 6902 2493 359 26 2 0 0 0 0 0 0 0 0 0 0 0 0 
9142 3398 589 25 0 0 0 0 0 0 0 0 0 0 0 0 0 0 
6417 1378 119 6 0 0 0 0 0 0 0 0 0 0 0 0 0 0 
4022 439 10 0 0 0 0 0 0 0 0 0 0 0 0 0 0 0 
2375 106 2 0 0 0 0 0 0 0 0 0 0 0 0 0 0 0 
1309 19 1 0 0 0 0 0 0 0 0 0 0 0 0 0 0 0 
701 5 0 0 0 0 0 0 0 0 0 0 0 0 0 0 0 0 
376 0 0 0 0 0 0 0 0 0 0 0 0 0 0 0 0 0 
174 0 0 0 0 0 0 0 0 0 0 0 0 0 0 0 0 0 
77 0 0 0 0 0 0 0 0 0 0 0 0 0 0 0 0 0 
28 0 0 0 0 0 0 0 0 0 0 0 0 0 0 0 0 0 
8 0 0 0 0 0 0 0 0 0 0 0 0 0 0 0 0 0 
2 0 0 0 0 0 0 0 0 0 0 0 0 0 0 0 0 0 
0 0 0 0 0 0 0 0 0 0 0 0 0 0 0 0 0 0 
0 0 0 0 0 0 0 0 0 0 0 0 0 0 0 0 0 0 
20000 19944 19883 19429 18798 17958 16838 15519 14002 12494 11018 9547 8290 7156 6029 4914 3847 2687 
16603 13452 10613 7325 4680 2785 1437 644 219 57 8 1 0 0 0 0 0 0 
13648 8303 4370 1402 322 49 4 1 0 0 0 0 0 0 0 0 0 0 
10752 4764 1560 198 5 0 0 0 0 0 0 0 0 0 0 0 0 0 
8211 2365 439 14 0 0 0 0 0 0 0 0 0 0 0 0 0 0 
5936 955 75 0 0 0 0 0 0 0 0 0 0 0 0 0 0 0 
3952 322 7 0 0 0 0 0 0 0 0 0 0 0 0 0 0 0 
2572 71 0 0 0 0 0 0 0 0 0 0 0 0 0 0 0 0 
1574 10 0 0 0 0 0 0 0 0 0 0 0 0 0 0 0 0 
929 2 0 0 0 0 0 0 0 0 0 0 0 0 0 0 0 0 
496 0 0 0 0 0 0 0 0 0 0 0 0 0 0 0 0 0 
268 0 0 0 0 0 0 0 0 0 0 0 0 0 0 0 0 0 
144 0 0 0 0 0 0 0 0 0 0 0 0 0 0 0 0 0 
72 0 0 0 0 0 0 0 0 0 0 0 0 0 0 0 0 0 
21 0 0 0 0 0 0 0 0 0 0 0 0 0 0 0 0 0 
8 0 0 0 0 0 0 0 0 0 0 0 0 0 0 0 0 0 
2 0 0 0 0 0 0 0 0 0 0 0 0 0 0 0 0 0 
0 0 0 0 0 0 0 0 0 0 0 0 0 0 0 0 0 0 
20000 19920 19788 19319 18016 16895 15106 13297 10829 8914 6734 5313 3896 2961 2079 1583 1061 711 
18701 17763 16102 13360 8487 5569 2846 1499 477 158 79 32 14 2 0 0 2 0 
15380 12191 7074 2975 373 109 24 8 0 0 0 0 0 0 0 0 0 0 
12196 7462 2692 620 35 8 2 0 0 0 0 0 0 0 0 0 0 0 
8608 3434 608 84 2 1 0 0 0 0 0 0 0 0 0 0 0 0 
5711 1358 156 16 0 0 0 0 0 0 0 0 0 0 0 0 0 0 
3307 420 37 6 0 0 0 0 0 0 0 0 0 0 0 0 0 0 
1797 118 14 1 0 0 0 0 0 0 0 0 0 0 0 0 0 0 
855 33 1 0 0 0 0 0 0 0 0 0 0 0 0 0 0 0 
426 14 0 0 0 0 0 0 0 0 0 0 0 0 0 0 0 0 
186 4 0 0 0 0 0 0 0 0 0 0 0 0 0 0 0 0 
82 2 1 0 0 0 0 0 0 0 0 0 0 0 0 0 0 0 
38 0 0 0 0 0 0 0 0 0 0 0 0 0 0 0 0 0 
13 0 0 0 0 0 0 0 0 0 0 0 0 0 0 0 0 0 
4 0 0 0 0 0 0 0 0 0 0 0 0 0 0 0 0 0 
1 0 0 0 0 0 0 0 0 0 0 0 0 0 0 0 0 0 
0 0 0 0 0 0 0 0 0 0 0 0 0 0 0 0 0 0 
0 0 0 0 0 0 0 0 0 0 0 0 0 0 0 0 0 0 
20000 19949 19841 19271 18328 17031 15157 13033 10787 8676 6910 5453 4219 3243 2487 1789 1191 718 
18521 16770 14512 10638 6839 3767 1822 738 214 54 8 1 0 0 0 0 0 0 
16256 12100 7460 2678 638 82 9 0 0 0 0 0 0 0 0 0 0 0 
13620 7618 2962 391 24 2 1 0 0 0 0 0 0 0 0 0 0 0 
10275 3839 836 32 0 0 0 0 0 0 0 0 0 0 0 0 0 0 
7203 1488 113 1 0 0 0 0 0 0 0 0 0 0 0 0 0 0 
4506 428 18 0 0 0 0 0 0 0 0 0 0 0 0 0 0 0 
2587 87 1 0 0 0 0 0 0 0 0 0 0 0 0 0 0 0 
1396 14 0 0 0 0 0 0 0 0 0 0 0 0 0 0 0 0 
729 1 0 0 0 0 0 0 0 0 0 0 0 0 0 0 0 0 
353 1 0 0 0 0 0 0 0 0 0 0 0 0 0 0 0 0 
168 0 0 0 0 0 0 0 0 0 0 0 0 0 0 0 0 0 
66 0 0 0 0 0 0 0 0 0 0 0 0 0 0 0 0 0 
33 0 0 0 0 0 0 0 0 0 0 0 0 0 0 0 0 0 
12 0 0 0 0 0 0 0 0 0 0 0 0 0 0 0 0 0 
4 0 0 0 0 0 0 0 0 0 0 0 0 0 0 0 0 0 
1 0 0 0 0 0 0 0 0 0 0 0 0 0 0 0 0 0 
0 0 0 0 0 0 0 0 0 0 0 0 0 0 0 0 0 0 
20000 19937 19817 19282 18412 17341 15831 14219 12492 10695 9008 7431 6146 5027 3997 3150 2268 1551 
17738 15870 13315 9812 6256 3847 1990 904 340 98 22 3 4 1 0 0 0 0 
14554 10332 5771 1959 365 73 7 2 0 0 0 0 0 0 0 0 0 0 
11631 6196 2213 328 17 2 1 0 0 0 0 0 0 0 0 0 0 0 
8694 3113 601 22 0 0 0 0 0 0 0 0 0 0 0 0 0 0 
6088 1221 105 3 0 0 0 0 0 0 0 0 0 0 0 0 0 0 
3974 396 9 2 0 0 0 0 0 0 0 0 0 0 0 0 0 0 
2486 111 4 0 0 0 0 0 0 0 0 0 0 0 0 0 0 0 
1384 21 0 0 0 0 0 0 0 0 0 0 0 0 0 0 0 0 
748 8 0 0 0 0 0 0 0 0 0 0 0 0 0 0 0 0 
405 1 0 0 0 0 0 0 0 0 0 0 0 0 0 0 0 0 
199 0 0 0 0 0 0 0 0 0 0 0 0 0 0 0 0 0 
92 0 0 0 0 0 0 0 0 0 0 0 0 0 0 0 0 0 
37 0 0 0 0 0 0 0 0 0 0 0 0 0 0 0 0 0 
15 0 0 0 0 0 0 0 0 0 0 0 0 0 0 0 0 0 
5 0 0 0 0 0 0 0 0 0 0 0 0 0 0 0 0 0 
1 0 0 0 0 0 0 0 0 0 0 0 0 0 0 0 0 0 
0 0 0 0 0 0 0 0 0 0 0 0 0 0 0 0 0 0 
20000 19959 19912 19664 19423 19003 18533 17932 17263 16443 15564 14569 13601 12473 11277 9933 8304 6371 
13112 7197 4759 2956 1788 1071 551 258 110 22 6 0 0 0 0 0 0 0 
9982 3434 1473 374 78 8 0 1 0 0 0 0 0 0 0 0 0 0 
7888 1865 492 44 3 0 0 0 0 0 0 0 0 0 0 0 0 0 
6038 906 129 2 0 0 0 0 0 0 0 0 0 0 0 0 0 0 
4541 353 20 1 0 0 0 0 0 0 0 0 0 0 0 0 0 0 
3323 116 1 0 0 0 0 0 0 0 0 0 0 0 0 0 0 0 
2354 26 1 0 0 0 0 0 0 0 0 0 0 0 0 0 0 0 
1669 4 0 0 0 0 0 0 0 0 0 0 0 0 0 0 0 0 
1137 1 0 0 0 0 0 0 0 0 0 0 0 0 0 0 0 0 
718 0 0 0 0 0 0 0 0 0 0 0 0 0 0 0 0 0 
458 0 0 0 0 0 0 0 0 0 0 0 0 0 0 0 0 0 
273 0 0 0 0 0 0 0 0 0 0 0 0 0 0 0 0 0 
143 0 0 0 0 0 0 0 0 0 0 0 0 0 0 0 0 0 
64 0 0 0 0 0 0 0 0 0 0 0 0 0 0 0 0 0 
22 0 0 0 0 0 0 0 0 0 0 0 0 0 0 0 0 0 
4 0 0 0 0 0 0 0 0 0 0 0 0 0 0 0 0 0 
0 0 0 0 0 0 0 0 0 0 0 0 0 0 0 0 0 0 
20000 19933 19849 19422 18695 17932 16778 15468 13950 12343 10767 9319 7826 6588 5291 4219 3135 2174 
17152 14606 11675 8421 5243 3228 1766 799 295 101 20 7 5 1 0 0 0 0 
13691 8596 4219 1366 235 53 3 0 0 0 0 0 0 0 0 0 0 0 
10761 4846 1507 209 14 3 0 0 0 0 0 0 0 0 0 0 0 0 
7962 2288 351 12 0 0 0 0 0 0 0 0 0 0 0 0 0 0 
5659 950 72 2 0 0 0 0 0 0 0 0 0 0 0 0 0 0 
3831 327 8 0 0 0 0 0 0 0 0 0 0 0 0 0 0 0 
2498 94 1 0 0 0 0 0 0 0 0 0 0 0 0 0 0 0 
1544 20 1 0 0 0 0 0 0 0 0 0 0 0 0 0 0 0 
913 5 0 0 0 0 0 0 0 0 0 0 0 0 0 0 0 0 
512 1 0 0 0 0 0 0 0 0 0 0 0 0 0 0 0 0 
241 0 0 0 0 0 0 0 0 0 0 0 0 0 0 0 0 0 
126 1 0 0 0 0 0 0 0 0 0 0 0 0 0 0 0 0 
48 0 0 0 0 0 0 0 0 0 0 0 0 0 0 0 0 0 
16 0 0 0 0 0 0 0 0 0 0 0 0 0 0 0 0 0 
6 0 0 0 0 0 0 0 0 0 0 0 0 0 0 0 0 0 
0 0 0 0 0 0 0 0 0 0 0 0 0 0 0 0 0 0 
0 0 0 0 0 0 0 0 0 0 0 0 0 0 0 0 0 0 
20000 19972 19941 19760 19640 19397 19122 18708 18302 17765 17112 16418 15488 14523 13265 11738 9845 7384 
12285 3190 1642 870 530 289 164 80 24 6 3 0 0 0 0 0 0 0 
9306 1214 326 70 13 0 0 0 0 0 0 0 0 0 0 0 0 0 
7422 536 103 4 1 0 0 0 0 0 0 0 0 0 0 0 0 0 
5850 258 23 0 0 0 0 0 0 0 0 0 0 0 0 0 0 0 
4620 100 5 0 0 0 0 0 0 0 0 0 0 0 0 0 0 0 
3591 37 0 0 0 0 0 0 0 0 0 0 0 0 0 0 0 0 
2763 9 0 0 0 0 0 0 0 0 0 0 0 0 0 0 0 0 
2081 3 0 0 0 0 0 0 0 0 0 0 0 0 0 0 0 0 
1523 0 0 0 0 0 0 0 0 0 0 0 0 0 0 0 0 0 
1082 0 0 0 0 0 0 0 0 0 0 0 0 0 0 0 0 0 
729 0 0 0 0 0 0 0 0 0 0 0 0 0 0 0 0 0 
449 0 0 0 0 0 0 0 0 0 0 0 0 0 0 0 0 0 
247 0 0 0 0 0 0 0 0 0 0 0 0 0 0 0 0 0 
108 0 0 0 0 0 0 0 0 0 0 0 0 0 0 0 0 0 
47 0 0 0 0 0 0 0 0 0 0 0 0 0 0 0 0 0 
14 0 0 0 0 0 0 0 0 0 0 0 0 0 0 0 0 0 
3 0 0 0 0 0 0 0 0 0 0 0 0 0 0 0 0 0 
20000 19961 19929 19797 19621 19414 19160 18757 18325 17851 17236 16400 15470 14405 13071 11565 9561 6711 
12952 2151 896 447 248 129 74 33 17 2 0 0 0 0 0 0 0 0 
9961 635 122 16 2 0 0 0 0 0 0 0 0 0 0 0 0 0 
7998 289 35 0 0 0 0 0 0 0 0 0 0 0 0 0 0 0 
6470 128 9 0 0 0 0 0 0 0 0 0 0 0 0 0 0 0 
5181 59 2 0 0 0 0 0 0 0 0 0 0 0 0 0 0 0 
4163 19 0 0 0 0 0 0 0 0 0 0 0 0 0 0 0 0 
3210 10 0 0 0 0 0 0 0 0 0 0 0 0 0 0 0 0 
2451 1 0 0 0 0 0 0 0 0 0 0 0 0 0 0 0 0 
1844 0 0 0 0 0 0 0 0 0 0 0 0 0 0 0 0 0 
1278 0 0 0 0 0 0 0 0 0 0 0 0 0 0 0 0 0 
866 0 0 0 0 0 0 0 0 0 0 0 0 0 0 0 0 0 
531 0 0 0 0 0 0 0 0 0 0 0 0 0 0 0 0 0 
308 0 0 0 0 0 0 0 0 0 0 0 0 0 0 0 0 0 
146 0 0 0 0 0 0 0 0 0 0 0 0 0 0 0 0 0 
68 0 0 0 0 0 0 0 0 0 0 0 0 0 0 0 0 0 
13 0 0 0 0 0 0 0 0 0 0 0 0 0 0 0 0 0 
2 0 0 0 0 0 0 0 0 0 0 0 0 0 0 0 0 0 
20000 19982 19951 19849 19750 19623 19473 19236 18971 18632 18236 17717 17163 16419 15529 14391 12812 10174 
9687 1 0 0 0 0 0 0 0 0 0 0 0 0 0 0 0 0 
7184 0 0 0 0 0 0 0 0 0 0 0 0 0 0 0 0 0 
5676 0 0 0 0 0 0 0 0 0 0 0 0 0 0 0 0 0 
4598 0 0 0 0 0 0 0 0 0 0 0 0 0 0 0 0 0 
3728 0 0 0 0 0 0 0 0 0 0 0 0 0 0 0 0 0 
2989 0 0 0 0 0 0 0 0 0 0 0 0 0 0 0 0 0 
2399 0 0 0 0 0 0 0 0 0 0 0 0 0 0 0 0 0 
1857 0 0 0 0 0 0 0 0 0 0 0 0 0 0 0 0 0 
1396 0 0 0 0 0 0 0 0 0 0 0 0 0 0 0 0 0 
1011 0 0 0 0 0 0 0 0 0 0 0 0 0 0 0 0 0 
695 0 0 0 0 0 0 0 0 0 0 0 0 0 0 0 0 0 
437 0 0 0 0 0 0 0 0 0 0 0 0 0 0 0 0 0 
251 0 0 0 0 0 0 0 0 0 0 0 0 0 0 0 0 0 
129 0 0 0 0 0 0 0 0 0 0 0 0 0 0 0 0 0 
46 0 0 0 0 0 0 0 0 0 0 0 0 0 0 0 0 0 
8 0 0 0 0 0 0 0 0 0 0 0 0 0 0 0 0 0 
0 0 0 0 0 0 0 0 0 0 0 0 0 0 0 0 0 0 
10000 9953 9891 9733 8910 8372 7362 6503 5098 4098 3058 2362 1658 1235 869 638 415 313 
9410 9045 8375 7323 4507 3097 1574 910 264 93 31 18 12 8 1 0 2 0 
7778 6272 3766 1753 159 62 16 9 0 0 0 0 0 0 0 0 0 0 
6246 3924 1473 448 22 6 1 0 0 0 0 0 0 0 0 0 0 0 
4202 1727 257 55 3 1 0 0 0 0 0 0 0 0 0 0 0 0 
2705 637 68 11 1 0 0 0 0 0 0 0 0 0 0 0 0 0 
1454 178 18 1 0 0 0 0 0 0 0 0 0 0 0 0 0 0 
839 55 9 0 0 0 0 0 0 0 0 0 0 0 0 0 0 0 
383 18 1 0 0 0 0 0 0 0 0 0 0 0 0 0 0 0 
191 1 1 0 0 0 0 0 0 0 0 0 0 0 0 0 0 0 
65 2 0 0 0 0 0 0 0 0 0 0 0 0 0 0 0 0 
23 0 0 0 0 0 0 0 0 0 0 0 0 0 0 0 0 0 
9 0 0 0 0 0 0 0 0 0 0 0 0 0 0 0 0 0 
3 0 0 0 0 0 0 0 0 0 0 0 0 0 0 0 0 0 
3 0 0 0 0 0 0 0 0 0 0 0 0 0 0 0 0 0 
3 0 0 0 0 0 0 0 0 0 0 0 0 0 0 0 0 0 
1 0 0 0 0 0 0 0 0 0 0 0 0 0 0 0 0 0 
2 0 0 0 0 0 0 0 0 0 0 0 0 0 0 0 0 0 
10000 9957 9909 9381 7837 5227 2820 1457 760 462 280 177 130 81 47 32 20 17 
9651 9416 9142 7966 5424 2556 779 181 40 7 1 0 0 0 0 0 0 0 
9202 8531 7764 5408 2229 589 62 6 2 0 0 0 0 0 0 0 0 0 
8114 6878 5108 2159 479 52 4 0 0 0 0 0 0 0 0 0 0 0 
5787 3734 1824 396 59 7 1 0 0 0 0 0 0 0 0 0 0 0 
3072 1297 389 40 10 0 0 0 0 0 0 0 0 0 0 0 0 0 
1236 247 23 2 0 0 0 0 0 0 0 0 0 0 0 0 0 0 
581 37 5 0 0 0 0 0 0 0 0 0 0 0 0 0 0 0 
318 8 0 0 0 0 0 0 0 0 0 0 0 0 0 0 0 0 
221 0 0 0 0 0 0 0 0 0 0 0 0 0 0 0 0 0 
138 0 0 0 0 0 0 0 0 0 0 0 0 0 0 0 0 0 
103 0 0 0 0 0 0 0 0 0 0 0 0 0 0 0 0 0 
60 0 0 0 0 0 0 0 0 0 0 0 0 0 0 0 0 0 
36 0 0 0 0 0 0 0 0 0 0 0 0 0 0 0 0 0 
17 0 0 0 0 0 0 0 0 0 0 0 0 0 0 0 0 0 
6 0 0 0 0 0 0 0 0 0 0 0 0 0 0 0 0 0 
2 0 0 0 0 0 0 0 0 0 0 0 0 0 0 0 0 0 
0 0 0 0 0 0 0 0 0 0 0 0 0 0 0 0 0 0 
10000 9962 9887 9537 8765 8008 6754 5628 4341 3193 2239 1569 1023 667 435 265 138 79 
9568 9188 8562 6918 4524 2814 1386 648 211 58 21 10 3 0 0 0 0 0 
8430 7188 4932 2029 463 114 11 4 0 0 0 0 0 0 0 0 0 0 
6978 4762 2099 386 22 3 1 1 0 0 0 0 0 0 0 0 0 0 
5083 2421 610 44 2 0 0 0 0 0 0 0 0 0 0 0 0 0 
3243 944 119 5 1 0 0 0 0 0 0 0 0 0 0 0 0 0 
1836 291 18 0 0 0 0 0 0 0 0 0 0 0 0 0 0 0 
904 65 3 0 0 0 0 0 0 0 0 0 0 0 0 0 0 0 
374 13 0 0 0 0 0 0 0 0 0 0 0 0 0 0 0 0 
131 4 0 0 0 0 0 0 0 0 0 0 0 0 0 0 0 0 
39 0 0 0 0 0 0 0 0 0 0 0 0 0 0 0 0 0 
19 0 0 0 0 0 0 0 0 0 0 0 0 0 0 0 0 0 
4 0 0 0 0 0 0 0 0 0 0 0 0 0 0 0 0 0 
3 0 0 0 0 0 0 0 0 0 0 0 0 0 0 0 0 0 
0 0 0 0 0 0 0 0 0 0 0 0 0 0 0 0 0 0 
0 0 0 0 0 0 0 0 0 0 0 0 0 0 0 0 0 0 
0 0 0 0 0 0 0 0 0 0 0 0 0 0 0 0 0 0 
0 0 0 0 0 0 0 0 0 0 0 0 0 0 0 0 0 0 
10000 9965 9916 9492 8887 8292 7694 7089 6431 5670 4775 3733 2744 1839 1191 689 364 196 
9329 8116 6426 4133 2515 1503 873 499 232 67 18 6 0 0 0 0 0 0 
7847 4838 2466 711 143 19 3 0 0 0 0 0 0 0 0 0 0 0 
6397 2700 904 115 11 0 0 0 0 0 0 0 0 0 0 0 0 0 
4914 1365 223 9 0 0 0 0 0 0 0 0 0 0 0 0 0 0 
3835 655 49 0 0 0 0 0 0 0 0 0 0 0 0 0 0 0 
3013 255 4 0 0 0 0 0 0 0 0 0 0 0 0 0 0 0 
2300 80 0 0 0 0 0 0 0 0 0 0 0 0 0 0 0 0 
1691 31 0 0 0 0 0 0 0 0 0 0 0 0 0 0 0 0 
1144 5 0 0 0 0 0 0 0 0 0 0 0 0 0 0 0 0 
768 1 0 0 0 0 0 0 0 0 0 0 0 0 0 0 0 0 
464 0 0 0 0 0 0 0 0 0 0 0 0 0 0 0 0 0 
231 0 0 0 0 0 0 0 0 0 0 0 0 0 0 0 0 0 
85 0 0 0 0 0 0 0 0 0 0 0 0 0 0 0 0 0 
31 0 0 0 0 0 0 0 0 0 0 0 0 0 0 0 0 0 
9 0 0 0 0 0 0 0 0 0 0 0 0 0 0 0 0 0 
0 0 0 0 0 0 0 0 0 0 0 0 0 0 0 0 0 0 
0 0 0 0 0 0 0 0 0 0 0 0 0 0 0 0 0 0 
10000 9961 9895 9611 8944 8367 7273 6240 5004 3930 2888 2168 1553 1136 756 558 344 215 
9446 9045 8286 6807 4408 2869 1418 705 229 68 30 10 2 2 1 0 1 0 
8050 6565 3989 1631 292 81 15 3 2 0 0 0 0 0 0 0 0 0 
6512 4094 1503 331 21 5 1 1 0 0 0 0 0 0 0 0 0 0 
4654 1926 362 35 1 0 0 0 0 0 0 0 0 0 0 0 0 0 
3039 731 88 14 0 0 0 0 0 0 0 0 0 0 0 0 0 0 
1811 265 15 2 0 0 0 0 0 0 0 0 0 0 0 0 0 0 
942 63 7 0 0 0 0 0 0 0 0 0 0 0 0 0 0 0 
438 25 5 1 0 0 0 0 0 0 0 0 0 0 0 0 0 0 
189 5 1 0 0 0 0 0 0 0 0 0 0 0 0 0 0 0 
72 2 0 0 0 0 0 0 0 0 0 0 0 0 0 0 0 0 
26 1 0 0 0 0 0 0 0 0 0 0 0 0 0 0 0 0 
8 0 0 0 0 0 0 0 0 0 0 0 0 0 0 0 0 0 
3 0 0 0 0 0 0 0 0 0 0 0 0 0 0 0 0 0 
3 0 0 0 0 0 0 0 0 0 0 0 0 0 0 0 0 0 
0 0 0 0 0 0 0 0 0 0 0 0 0 0 0 0 0 0 
0 0 0 0 0 0 0 0 0 0 0 0 0 0 0 0 0 0 
0 0 0 0 0 0 0 0 0 0 0 0 0 0 0 0 0 0 
10000 9969 9897 9604 8933 7919 6550 5207 3967 2951 2211 1635 1154 778 501 298 151 73 
9567 9057 8205 6399 4049 2032 802 292 64 10 0 0 0 0 0 0 0 0 
8775 7189 5033 2219 548 78 4 2 0 0 0 0 0 0 0 0 0 0 
7565 4969 2341 421 26 0 0 0 0 0 0 0 0 0 0 0 0 0 
5740 2504 618 31 1 0 0 0 0 0 0 0 0 0 0 0 0 0 
3794 909 103 1 0 0 0 0 0 0 0 0 0 0 0 0 0 0 
2172 228 13 0 0 0 0 0 0 0 0 0 0 0 0 0 0 0 
1173 48 3 0 0 0 0 0 0 0 0 0 0 0 0 0 0 0 
593 10 0 0 0 0 0 0 0 0 0 0 0 0 0 0 0 0 
301 1 0 0 0 0 0 0 0 0 0 0 0 0 0 0 0 0 
157 0 0 0 0 0 0 0 0 0 0 0 0 0 0 0 0 0 
81 0 0 0 0 0 0 0 0 0 0 0 0 0 0 0 0 0 
45 0 0 0 0 0 0 0 0 0 0 0 0 0 0 0 0 0 
22 0 0 0 0 0 0 0 0 0 0 0 0 0 0 0 0 0 
5 0 0 0 0 0 0 0 0 0 0 0 0 0 0 0 0 0 
2 0 0 0 0 0 0 0 0 0 0 0 0 0 0 0 0 0 
0 0 0 0 0 0 0 0 0 0 0 0 0 0 0 0 0 0 
0 0 0 0 0 0 0 0 0 0 0 0 0 0 0 0 0 0 
10000 9971 9902 9622 9068 8432 7586 6742 5776 4714 3775 3003 2277 1694 1251 880 563 305 
9357 8560 7459 5411 3463 2158 1141 540 185 51 20 7 1 0 0 0 0 0 
7921 5869 3360 1148 218 45 6 2 0 0 0 0 0 0 0 0 0 0 
6367 3558 1266 196 9 2 0 0 0 0 0 0 0 0 0 0 0 0 
4670 1709 324 12 0 0 0 0 0 0 0 0 0 0 0 0 0 0 
3307 696 76 2 0 0 0 0 0 0 0 0 0 0 0 0 0 0 
2132 218 19 0 0 0 0 0 0 0 0 0 0 0 0 0 0 0 
1336 51 1 0 0 0 0 0 0 0 0 0 0 0 0 0 0 0 
755 10 0 0 0 0 0 0 0 0 0 0 0 0 0 0 0 0 
397 2 0 0 0 0 0 0 0 0 0 0 0 0 0 0 0 0 
225 0 0 0 0 0 0 0 0 0 0 0 0 0 0 0 0 0 
109 0 0 0 0 0 0 0 0 0 0 0 0 0 0 0 0 0 
46 0 0 0 0 0 0 0 0 0 0 0 0 0 0 0 0 0 
13 0 0 0 0 0 0 0 0 0 0 0 0 0 0 0 0 0 
9 0 0 0 0 0 0 0 0 0 0 0 0 0 0 0 0 0 
0 0 0 0 0 0 0 0 0 0 0 0 0 0 0 0 0 0 
0 0 0 0 0 0 0 0 0 0 0 0 0 0 0 0 0 0 
0 0 0 0 0 0 0 0 0 0 0 0 0 0 0 0 0 0 
10000 9965 9916 9685 9271 8640 7897 6953 5850 4868 3942 3154 2469 1945 1473 1086 734 442 
9156 8100 6820 4816 3049 1739 894 378 119 29 4 0 0 0 0 0 0 0 
7985 5532 3188 1079 251 36 2 0 0 0 0 0 0 0 0 0 0 0 
6674 3392 1253 154 8 2 0 0 0 0 0 0 0 0 0 0 0 0 
5122 1709 318 14 0 0 0 0 0 0 0 0 0 0 0 0 0 0 
3598 648 58 0 0 0 0 0 0 0 0 0 0 0 0 0 0 0 
2324 200 6 0 0 0 0 0 0 0 0 0 0 0 0 0 0 0 
1385 46 0 0 0 0 0 0 0 0 0 0 0 0 0 0 0 0 
760 3 0 0 0 0 0 0 0 0 0 0 0 0 0 0 0 0 
429 0 0 0 0 0 0 0 0 0 0 0 0 0 0 0 0 0 
221 0 0 0 0 0 0 0 0 0 0 0 0 0 0 0 0 0 
107 0 0 0 0 0 0 0 0 0 0 0 0 0 0 0 0 0 
58 0 0 0 0 0 0 0 0 0 0 0 0 0 0 0 0 0 
26 0 0 0 0 0 0 0 0 0 0 0 0 0 0 0 0 0 
13 0 0 0 0 0 0 0 0 0 0 0 0 0 0 0 0 0 
5 0 0 0 0 0 0 0 0 0 0 0 0 0 0 0 0 0 
0 0 0 0 0 0 0 0 0 0 0 0 0 0 0 0 0 0 
0 0 0 0 0 0 0 0 0 0 0 0 0 0 0 0 0 0 
10000 9960 9881 9659 8915 8396 7372 6474 5158 4208 3092 2463 1763 1349 936 660 420 273 
9413 9015 8179 6882 4267 2807 1422 790 263 103 32 19 6 4 2 0 0 0 
7868 6358 3788 1678 191 57 11 8 0 0 1 0 0 0 0 0 0 0 
6262 3893 1451 382 22 6 1 1 0 0 0 0 0 0 0 0 0 0 
4390 1811 309 44 0 0 0 0 0 0 0 0 0 0 0 0 0 0 
2863 700 76 12 0 0 0 0 0 0 0 0 0 0 0 0 0 0 
1606 196 19 4 0 0 0 0 0 0 0 0 0 0 0 0 0 0 
925 63 4 1 0 0 0 0 0 0 0 0 0 0 0 0 0 0 
433 19 1 0 0 0 0 0 0 0 0 0 0 0 0 0 0 0 
232 6 0 0 0 0 0 0 0 0 0 0 0 0 0 0 0 0 
81 3 0 0 0 0 0 0 0 0 0 0 0 0 0 0 0 0 
31 0 0 0 0 0 0 0 0 0 0 0 0 0 0 0 0 0 
7 0 0 0 0 0 0 0 0 0 0 0 0 0 0 0 0 0 
3 0 0 0 0 0 0 0 0 0 0 0 0 0 0 0 0 0 
0 0 0 0 0 0 0 0 0 0 0 0 0 0 0 0 0 0 
0 0 0 0 0 0 0 0 0 0 0 0 0 0 0 0 0 0 
0 0 0 0 0 0 0 0 0 0 0 0 0 0 0 0 0 0 
0 0 0 0 0 0 0 0 0 0 0 0 0 0 0 0 0 0 
10000 9967 9915 9583 8865 7475 5829 4162 2877 1977 1358 947 659 433 275 174 84 45 
9618 9254 8625 6935 4414 2188 828 239 50 5 0 0 0 0 0 0 0 0 
9025 7885 6075 3039 876 130 16 2 0 0 0 0 0 0 0 0 0 0 
7960 5647 3114 672 72 4 0 0 0 0 0 0 0 0 0 0 0 0 
6065 2943 861 73 1 0 0 0 0 0 0 0 0 0 0 0 0 0 
3717 1011 128 2 0 0 0 0 0 0 0 0 0 0 0 0 0 0 
1900 216 7 0 0 0 0 0 0 0 0 0 0 0 0 0 0 0 
882 27 1 0 0 0 0 0 0 0 0 0 0 0 0 0 0 0 
417 6 0 0 0 0 0 0 0 0 0 0 0 0 0 0 0 0 
218 0 0 0 0 0 0 0 0 0 0 0 0 0 0 0 0 0 
116 0 0 0 0 0 0 0 0 0 0 0 0 0 0 0 0 0 
68 0 0 0 0 0 0 0 0 0 0 0 0 0 0 0 0 0 
33 0 0 0 0 0 0 0 0 0 0 0 0 0 0 0 0 0 
9 0 0 0 0 0 0 0 0 0 0 0 0 0 0 0 0 0 
1 0 0 0 0 0 0 0 0 0 0 0 0 0 0 0 0 0 
0 0 0 0 0 0 0 0 0 0 0 0 0 0 0 0 0 0 
0 0 0 0 0 0 0 0 0 0 0 0 0 0 0 0 0 0 
0 0 0 0 0 0 0 0 0 0 0 0 0 0 0 0 0 0 
10000 9973 9913 9553 8998 8330 7403 6428 5347 4270 3286 2503 1863 1332 898 612 399 224 
9415 8810 7884 5981 3835 2289 1205 540 201 55 14 2 1 0 0 0 0 0 
8129 6298 3791 1444 279 60 10 2 0 0 1 0 0 0 0 0 0 0 
6654 3935 1491 237 10 3 0 0 0 0 0 0 0 0 0 0 0 0 
4927 1949 409 23 0 0 0 0 0 0 0 0 0 0 0 0 0 0 
3343 801 85 1 0 0 0 0 0 0 0 0 0 0 0 0 0 0 
2037 233 8 1 0 0 0 0 0 0 0 0 0 0 0 0 0 0 
1105 58 2 0 0 0 0 0 0 0 0 0 0 0 0 0 0 0 
578 17 0 0 0 0 0 0 0 0 0 0 0 0 0 0 0 0 
287 1 0 0 0 0 0 0 0 0 0 0 0 0 0 0 0 0 
135 0 0 0 0 0 0 0 0 0 0 0 0 0 0 0 0 0 
56 0 0 0 0 0 0 0 0 0 0 0 0 0 0 0 0 0 
25 0 0 0 0 0 0 0 0 0 0 0 0 0 0 0 0 0 
10 0 0 0 0 0 0 0 0 0 0 0 0 0 0 0 0 0 
1 0 0 0 0 0 0 0 0 0 0 0 0 0 0 0 0 0 
0 0 0 0 0 0 0 0 0 0 0 0 0 0 0 0 0 0 
0 0 0 0 0 0 0 0 0 0 0 0 0 0 0 0 0 0 
0 0 0 0 0 0 0 0 0 0 0 0 0 0 0 0 0 0 
10000 9968 9913 9669 9232 8680 7931 7024 6069 5074 4158 3306 2561 1948 1438 1028 673 398 
9209 8114 6795 4769 3042 1741 864 371 131 29 8 0 0 0 0 0 0 0 
7979 5529 3069 1029 201 28 2 1 0 0 0 0 0 0 0 0 0 0 
6534 3237 1136 121 5 0 0 0 0 0 0 0 0 0 0 0 0 0 
4955 1619 301 10 0 0 0 0 0 0 0 0 0 0 0 0 0 0 
3593 658 53 0 0 0 0 0 0 0 0 0 0 0 0 0 0 0 
2424 190 8 0 0 0 0 0 0 0 0 0 0 0 0 0 0 0 
1418 61 0 0 0 0 0 0 0 0 0 0 0 0 0 0 0 0 
838 10 0 0 0 0 0 0 0 0 0 0 0 0 0 0 0 0 
442 1 0 0 0 0 0 0 0 0 0 0 0 0 0 0 0 0 
222 0 0 0 0 0 0 0 0 0 0 0 0 0 0 0 0 0 
111 0 0 0 0 0 0 0 0 0 0 0 0 0 0 0 0 0 
49 0 0 0 0 0 0 0 0 0 0 0 0 0 0 0 0 0 
16 0 0 0 0 0 0 0 0 0 0 0 0 0 0 0 0 0 
6 0 0 0 0 0 0 0 0 0 0 0 0 0 0 0 0 0 
1 0 0 0 0 0 0 0 0 0 0 0 0 0 0 0 0 0 
0 0 0 0 0 0 0 0 0 0 0 0 0 0 0 0 0 0 
0 0 0 0 0 0 0 0 0 0 0 0 0 0 0 0 0 0 
10000 9962 9894 9624 9005 8493 7484 6579 5498 4505 3511 2742 2020 1543 1083 780 511 339 
9342 8864 7890 6337 4049 2569 1318 698 213 76 27 11 7 0 1 0 0 0 
7707 6051 3593 1409 234 53 7 3 0 0 0 0 0 0 0 0 0 0 
6202 3744 1401 265 13 3 0 0 0 0 0 0 0 0 0 0 0 0 
4454 1736 300 30 1 0 0 0 0 0 0 0 0 0 0 0 0 0 
3033 667 75 4 0 0 0 0 0 0 0 0 0 0 0 0 0 0 
1782 221 11 1 0 0 0 0 0 0 0 0 0 0 0 0 0 0 
999 53 5 0 0 0 0 0 0 0 0 0 0 0 0 0 0 0 
530 10 1 0 0 0 0 0 0 0 0 0 0 0 0 0 0 0 
261 1 0 0 0 0 0 0 0 0 0 0 0 0 0 0 0 0 
109 0 0 0 0 0 0 0 0 0 0 0 0 0 0 0 0 0 
37 2 0 0 0 0 0 0 0 0 0 0 0 0 0 0 0 0 
12 0 0 0 0 0 0 0 0 0 0 0 0 0 0 0 0 0 
4 0 0 0 0 0 0 0 0 0 0 0 0 0 0 0 0 0 
1 0 0 0 0 0 0 0 0 0 0 0 0 0 0 0 0 0 
0 0 0 0 0 0 0 0 0 0 0 0 0 0 0 0 0 0 
0 0 0 0 0 0 0 0 0 0 0 0 0 0 0 0 0 0 
0 0 0 0 0 0 0 0 0 0 0 0 0 0 0 0 0 0 
10000 9971 9928 9639 9213 8590 7851 6952 5922 4905 3976 3204 2506 1945 1446 1057 716 432 
9153 8157 6888 4765 2998 1728 913 391 109 23 4 0 0 0 0 0 0 0 
7971 5676 3252 1075 230 42 5 0 0 0 0 0 0 0 0 0 0 0 
6595 3467 1263 150 10 0 0 0 0 0 0 0 0 0 0 0 0 0 
5046 1761 355 22 0 0 0 0 0 0 0 0 0 0 0 0 0 0 
3520 678 58 0 0 0 0 0 0 0 0 0 0 0 0 0 0 0 
2287 241 3 0 0 0 0 0 0 0 0 0 0 0 0 0 0 0 
1360 48 0 0 0 0 0 0 0 0 0 0 0 0 0 0 0 0 
748 6 0 0 0 0 0 0 0 0 0 0 0 0 0 0 0 0 
394 0 0 0 0 0 0 0 0 0 0 0 0 0 0 0 0 0 
191 0 0 0 0 0 0 0 0 0 0 0 0 0 0 0 0 0 
95 0 0 0 0 0 0 0 0 0 0 0 0 0 0 0 0 0 
45 0 0 0 0 0 0 0 0 0 0 0 0 0 0 0 0 0 
16 0 0 0 0 0 0 0 0 0 0 0 0 0 0 0 0 0 
6 0 0 0 0 0 0 0 0 0 0 0 0 0 0 0 0 0 
2 0 0 0 0 0 0 0 0 0 0 0 0 0 0 0 0 0 
0 0 0 0 0 0 0 0 0 0 0 0 0 0 0 0 0 0 
0 0 0 0 0 0 0 0 0 0 0 0 0 0 0 0 0 0 
10000 9969 9912 9630 9148 8641 7886 7066 6205 5267 4422 3640 2881 2306 1819 1384 985 668 
8968 8080 6897 4987 3262 2000 1041 508 190 45 15 2 0 0 0 0 0 0 
7452 5315 2973 1025 205 41 7 2 1 0 0 0 0 0 0 0 0 0 
5894 3219 1134 174 7 3 1 0 0 0 0 0 0 0 0 0 0 0 
4380 1554 320 13 1 1 0 0 0 0 0 0 0 0 0 0 0 0 
3098 651 52 4 1 1 0 0 0 0 0 0 0 0 0 0 0 0 
1957 196 4 0 0 0 0 0 0 0 0 0 0 0 0 0 0 0 
1142 46 3 0 0 0 0 0 0 0 0 0 0 0 0 0 0 0 
647 11 0 0 0 0 0 0 0 0 0 0 0 0 0 0 0 0 
341 0 0 0 0 0 0 0 0 0 0 0 0 0 0 0 0 0 
164 0 0 0 0 0 0 0 0 0 0 0 0 0 0 0 0 0 
80 0 0 0 0 0 0 0 0 0 0 0 0 0 0 0 0 0 
32 0 0 0 0 0 0 0 0 0 0 0 0 0 0 0 0 0 
14 0 0 0 0 0 0 0 0 0 0 0 0 0 0 0 0 0 
4 0 0 0 0 0 0 0 0 0 0 0 0 0 0 0 0 0 
4 0 0 0 0 0 0 0 0 0 0 0 0 0 0 0 0 0 
1 0 0 0 0 0 0 0 0 0 0 0 0 0 0 0 0 0 
1 0 0 0 0 0 0 0 0 0 0 0 0 0 0 0 0 0 
10000 9972 9935 9833 9650 9373 9011 8584 8169 7623 7094 6523 5961 5460 4852 4264 3590 2744 
6957 4631 3383 2189 1395 830 439 191 73 15 1 0 0 0 0 0 0 0 
5422 2580 1236 385 80 9 0 0 0 0 0 0 0 0 0 0 0 0 
4178 1364 401 40 4 0 0 0 0 0 0 0 0 0 0 0 0 0 
3188 654 105 1 0 0 0 0 0 0 0 0 0 0 0 0 0 0 
2335 287 17 0 0 0 0 0 0 0 0 0 0 0 0 0 0 0 
1693 91 1 0 0 0 0 0 0 0 0 0 0 0 0 0 0 0 
1158 23 0 0 0 0 0 0 0 0 0 0 0 0 0 0 0 0 
790 5 0 0 0 0 0 0 0 0 0 0 0 0 0 0 0 0 
498 0 0 0 0 0 0 0 0 0 0 0 0 0 0 0 0 0 
314 0 0 0 0 0 0 0 0 0 0 0 0 0 0 0 0 0 
201 0 0 0 0 0 0 0 0 0 0 0 0 0 0 0 0 0 
103 0 0 0 0 0 0 0 0 0 0 0 0 0 0 0 0 0 
58 0 0 0 0 0 0 0 0 0 0 0 0 0 0 0 0 0 
29 0 0 0 0 0 0 0 0 0 0 0 0 0 0 0 0 0 
8 0 0 0 0 0 0 0 0 0 0 0 0 0 0 0 0 0 
0 0 0 0 0 0 0 0 0 0 0 0 0 0 0 0 0 0 
0 0 0 0 0 0 0 0 0 0 0 0 0 0 0 0 0 0 
10000 9961 9873 9698 8988 8482 7476 6570 5343 4367 3275 2579 1909 1473 1051 783 499 350 
9358 8908 8131 6947 4420 2962 1512 828 275 91 45 25 11 4 0 1 0 0 
7701 6173 3552 1602 175 56 13 5 1 1 0 0 0 0 0 0 0 0 
6070 3758 1343 391 20 8 0 0 0 0 0 0 0 0 0 0 0 0 
4153 1679 242 46 2 2 1 0 0 0 0 0 0 0 0 0 0 0 
2730 670 62 15 1 0 0 0 0 0 0 0 0 0 0 0 0 0 
1446 219 9 2 0 0 0 0 0 0 0 0 0 0 0 0 0 0 
854 66 4 0 0 0 0 0 0 0 0 0 0 0 0 0 0 0 
402 19 0 0 0 0 0 0 0 0 0 0 0 0 0 0 0 0 
177 6 0 0 0 0 0 0 0 0 0 0 0 0 0 0 0 0 
79 3 0 0 0 0 0 0 0 0 0 0 0 0 0 0 0 0 
35 0 0 0 0 0 0 0 0 0 0 0 0 0 0 0 0 0 
10 0 0 0 0 0 0 0 0 0 0 0 0 0 0 0 0 0 
1 0 0 0 0 0 0 0 0 0 0 0 0 0 0 0 0 0 
1 0 0 0 0 0 0 0 0 0 0 0 0 0 0 0 0 0 
0 0 0 0 0 0 0 0 0 0 0 0 0 0 0 0 0 0 
0 0 0 0 0 0 0 0 0 0 0 0 0 0 0 0 0 0 
0 0 0 0 0 0 0 0 0 0 0 0 0 0 0 0 0 0 
10000 9963 9915 9581 8904 7553 5821 4236 2990 2137 1513 1084 783 550 360 247 132 70 
9625 9154 8536 6837 4418 2197 795 238 59 14 3 1 1 0 0 0 0 0 
8877 7696 5977 2862 837 142 12 1 0 0 0 0 0 0 0 0 0 0 
7868 5584 2941 673 61 5 1 0 0 0 0 0 0 0 0 0 0 0 
6009 2940 888 55 1 0 0 0 0 0 0 0 0 0 0 0 0 0 
3694 987 150 3 0 0 0 0 0 0 0 0 0 0 0 0 0 0 
1906 233 19 0 0 0 0 0 0 0 0 0 0 0 0 0 0 0 
931 31 2 0 0 0 0 0 0 0 0 0 0 0 0 0 0 0 
438 4 0 0 0 0 0 0 0 0 0 0 0 0 0 0 0 0 
211 0 0 0 0 0 0 0 0 0 0 0 0 0 0 0 0 0 
110 0 0 0 0 0 0 0 0 0 0 0 0 0 0 0 0 0 
63 0 0 0 0 0 0 0 0 0 0 0 0 0 0 0 0 0 
37 0 0 0 0 0 0 0 0 0 0 0 0 0 0 0 0 0 
23 0 0 0 0 0 0 0 0 0 0 0 0 0 0 0 0 0 
7 0 0 0 0 0 0 0 0 0 0 0 0 0 0 0 0 0 
3 0 0 0 0 0 0 0 0 0 0 0 0 0 0 0 0 0 
1 0 0 0 0 0 0 0 0 0 0 0 0 0 0 0 0 0 
0 0 0 0 0 0 0 0 0 0 0 0 0 0 0 0 0 0 
10000 9961 9909 9591 9079 8444 7565 6497 5357 4283 3348 2571 1941 1446 1020 709 465 272 
9367 8816 7804 5987 3920 2346 1156 538 187 54 20 10 2 0 0 0 0 0 
8017 6268 3784 1363 254 62 5 0 0 0 0 0 0 0 0 0 0 0 
6534 3915 1476 227 17 4 0 0 0 0 0 0 0 0 0 0 0 0 
4729 1895 369 16 2 0 0 0 0 0 0 0 0 0 0 0 0 0 
3215 762 84 2 0 0 0 0 0 0 0 0 0 0 0 0 0 0 
1986 230 14 2 0 0 0 0 0 0 0 0 0 0 0 0 0 0 
1060 52 0 0 0 0 0 0 0 0 0 0 0 0 0 0 0 0 
541 13 0 0 0 0 0 0 0 0 0 0 0 0 0 0 0 0 
275 1 0 0 0 0 0 0 0 0 0 0 0 0 0 0 0 0 
103 1 0 0 0 0 0 0 0 0 0 0 0 0 0 0 0 0 
40 0 0 0 0 0 0 0 0 0 0 0 0 0 0 0 0 0 
14 0 0 0 0 0 0 0 0 0 0 0 0 0 0 0 0 0 
3 0 0 0 0 0 0 0 0 0 0 0 0 0 0 0 0 0 
0 0 0 0 0 0 0 0 0 0 0 0 0 0 0 0 0 0 
0 0 0 0 0 0 0 0 0 0 0 0 0 0 0 0 0 0 
0 0 0 0 0 0 0 0 0 0 0 0 0 0 0 0 0 0 
0 0 0 0 0 0 0 0 0 0 0 0 0 0 0 0 0 0 
10000 9972 9923 9692 9315 8750 8125 7381 6405 5540 4653 3826 3128 2508 1962 1467 1003 677 
8906 7717 6267 4382 2761 1556 828 356 108 24 5 1 0 0 0 0 0 0 
7558 4994 2671 857 180 27 1 0 0 0 0 0 0 0 0 0 0 0 
6094 3019 972 112 5 0 0 0 0 0 0 0 0 0 0 0 0 0 
4723 1465 296 8 0 0 0 0 0 0 0 0 0 0 0 0 0 0 
3358 601 51 0 0 0 0 0 0 0 0 0 0 0 0 0 0 0 
2260 193 4 0 0 0 0 0 0 0 0 0 0 0 0 0 0 0 
1442 41 1 0 0 0 0 0 0 0 0 0 0 0 0 0 0 0 
862 5 0 0 0 0 0 0 0 0 0 0 0 0 0 0 0 0 
488 1 0 0 0 0 0 0 0 0 0 0 0 0 0 0 0 0 
247 1 0 0 0 0 0 0 0 0 0 0 0 0 0 0 0 0 
126 0 0 0 0 0 0 0 0 0 0 0 0 0 0 0 0 0 
58 0 0 0 0 0 0 0 0 0 0 0 0 0 0 0 0 0 
27 0 0 0 0 0 0 0 0 0 0 0 0 0 0 0 0 0 
9 0 0 0 0 0 0 0 0 0 0 0 0 0 0 0 0 0 
4 0 0 0 0 0 0 0 0 0 0 0 0 0 0 0 0 0 
1 0 0 0 0 0 0 0 0 0 0 0 0 0 0 0 0 0 
0 0 0 0 0 0 0 0 0 0 0 0 0 0 0 0 0 0 
10000 9970 9910 9655 9093 8531 7654 6874 5739 4811 3833 3073 2394 1879 1383 1013 683 466 
9195 8605 7573 5909 3827 2436 1233 638 204 61 30 8 7 0 1 0 0 0 
7579 5826 3330 1271 207 65 6 1 0 0 0 0 0 0 0 0 0 0 
6020 3522 1315 248 5 3 0 0 0 0 0 0 0 0 0 0 0 0 
4345 1650 312 26 0 0 0 0 0 0 0 0 0 0 0 0 0 0 
2906 690 62 7 0 0 0 0 0 0 0 0 0 0 0 0 0 0 
1710 197 10 1 0 0 0 0 0 0 0 0 0 0 0 0 0 0 
983 48 1 0 0 0 0 0 0 0 0 0 0 0 0 0 0 0 
502 5 0 0 0 0 0 0 0 0 0 0 0 0 0 0 0 0 
247 2 1 0 0 0 0 0 0 0 0 0 0 0 0 0 0 0 
117 0 0 0 0 0 0 0 0 0 0 0 0 0 0 0 0 0 
55 0 0 0 0 0 0 0 0 0 0 0 0 0 0 0 0 0 
21 0 0 0 0 0 0 0 0 0 0 0 0 0 0 0 0 0 
11 0 0 0 0 0 0 0 0 0 0 0 0 0 0 0 0 0 
3 0 0 0 0 0 0 0 0 0 0 0 0 0 0 0 0 0 
2 0 0 0 0 0 0 0 0 0 0 0 0 0 0 0 0 0 
0 0 0 0 0 0 0 0 0 0 0 0 0 0 0 0 0 0 
0 0 0 0 0 0 0 0 0 0 0 0 0 0 0 0 0 0 
10000 9975 9928 9730 9440 8957 8335 7722 6997 6192 5414 4751 4047 3466 2897 2314 1781 1271 
8347 6908 5416 3788 2392 1375 716 344 117 28 4 1 0 0 0 0 0 0 
6819 4250 2211 720 144 26 3 0 0 0 0 0 0 0 0 0 0 0 
5466 2460 813 90 7 0 0 0 0 0 0 0 0 0 0 0 0 0 
4098 1224 214 5 0 0 0 0 0 0 0 0 0 0 0 0 0 0 
2969 509 34 0 0 0 0 0 0 0 0 0 0 0 0 0 0 0 
2019 156 5 0 0 0 0 0 0 0 0 0 0 0 0 0 0 0 
1291 34 0 0 0 0 0 0 0 0 0 0 0 0 0 0 0 0 
790 4 0 0 0 0 0 0 0 0 0 0 0 0 0 0 0 0 
453 0 0 0 0 0 0 0 0 0 0 0 0 0 0 0 0 0 
276 0 0 0 0 0 0 0 0 0 0 0 0 0 0 0 0 0 
147 0 0 0 0 0 0 0 0 0 0 0 0 0 0 0 0 0 
68 0 0 0 0 0 0 0 0 0 0 0 0 0 0 0 0 0 
28 0 0 0 0 0 0 0 0 0 0 0 0 0 0 0 0 0 
8 0 0 0 0 0 0 0 0 0 0 0 0 0 0 0 0 0 
6 0 0 0 0 0 0 0 0 0 0 0 0 0 0 0 0 0 
0 0 0 0 0 0 0 0 0 0 0 0 0 0 0 0 0 0 
0 0 0 0 0 0 0 0 0 0 0 0 0 0 0 0 0 0 
10000 9985 9927 9717 9425 9117 8696 8190 7597 6968 6318 5683 5107 4469 3895 3283 2636 1934 
7782 5878 4474 2962 1844 1125 634 309 106 31 8 5 3 0 0 0 0 0 
6090 3281 1611 450 86 15 4 0 0 0 0 0 0 0 0 0 0 0 
4742 1815 544 66 6 0 0 0 0 0 0 0 0 0 0 0 0 0 
3585 891 127 8 0 0 0 0 0 0 0 0 0 0 0 0 0 0 
2673 359 26 0 0 0 0 0 0 0 0 0 0 0 0 0 0 0 
1866 129 4 0 0 0 0 0 0 0 0 0 0 0 0 0 0 0 
1323 36 0 0 0 0 0 0 0 0 0 0 0 0 0 0 0 0 
861 9 0 0 0 0 0 0 0 0 0 0 0 0 0 0 0 0 
572 2 0 0 0 0 0 0 0 0 0 0 0 0 0 0 0 0 
345 1 0 0 0 0 0 0 0 0 0 0 0 0 0 0 0 0 
195 0 0 0 0 0 0 0 0 0 0 0 0 0 0 0 0 0 
100 0 0 0 0 0 0 0 0 0 0 0 0 0 0 0 0 0 
44 0 0 0 0 0 0 0 0 0 0 0 0 0 0 0 0 0 
16 0 0 0 0 0 0 0 0 0 0 0 0 0 0 0 0 0 
6 0 0 0 0 0 0 0 0 0 0 0 0 0 0 0 0 0 
3 0 0 0 0 0 0 0 0 0 0 0 0 0 0 0 0 0 
1 0 0 0 0 0 0 0 0 0 0 0 0 0 0 0 0 0 
10000 9990 9975 9919 9860 9801 9689 9581 9400 9192 8984 8732 8365 7988 7495 6852 6020 4846 
5053 733 349 196 119 80 37 20 7 1 1 0 0 0 0 0 0 0 
3755 241 59 13 4 0 0 0 0 0 0 0 0 0 0 0 0 0 
2963 116 21 0 0 0 0 0 0 0 0 0 0 0 0 0 0 0 
2329 45 5 0 0 0 0 0 0 0 0 0 0 0 0 0 0 0 
1852 28 2 0 0 0 0 0 0 0 0 0 0 0 0 0 0 0 
1484 4 0 0 0 0 0 0 0 0 0 0 0 0 0 0 0 0 
1134 2 0 0 0 0 0 0 0 0 0 0 0 0 0 0 0 0 
861 0 0 0 0 0 0 0 0 0 0 0 0 0 0 0 0 0 
644 0 0 0 0 0 0 0 0 0 0 0 0 0 0 0 0 0 
466 0 0 0 0 0 0 0 0 0 0 0 0 0 0 0 0 0 
312 0 0 0 0 0 0 0 0 0 0 0 0 0 0 0 0 0 
190 0 0 0 0 0 0 0 0 0 0 0 0 0 0 0 0 0 
114 0 0 0 0 0 0 0 0 0 0 0 0 0 0 0 0 0 
49 0 0 0 0 0 0 0 0 0 0 0 0 0 0 0 0 0 
17 0 0 0 0 0 0 0 0 0 0 0 0 0 0 0 0 0 
5 0 0 0 0 0 0 0 0 0 0 0 0 0 0 0 0 0 
0 0 0 0 0 0 0 0 0 0 0 0 0 0 0 0 0 0 
10000 9971 9901 9647 9151 8680 7900 7132 6184 5313 4338 3574 2903 2333 1801 1362 985 675 
9018 8311 7178 5527 3529 2254 1212 610 208 73 21 12 3 1 2 0 0 0 
7183 5273 2900 1106 175 44 6 2 0 0 0 0 0 0 0 0 0 0 
5645 3109 1059 196 7 2 0 0 0 0 0 0 0 0 0 0 0 0 
4073 1474 274 31 1 0 0 0 0 0 0 0 0 0 0 0 0 0 
2762 592 53 5 0 0 0 0 0 0 0 0 0 0 0 0 0 0 
1787 179 9 2 0 0 0 0 0 0 0 0 0 0 0 0 0 0 
1040 48 3 0 0 0 0 0 0 0 0 0 0 0 0 0 0 0 
562 18 0 0 0 0 0 0 0 0 0 0 0 0 0 0 0 0 
318 3 0 0 0 0 0 0 0 0 0 0 0 0 0 0 0 0 
144 0 0 0 0 0 0 0 0 0 0 0 0 0 0 0 0 0 
66 0 0 0 0 0 0 0 0 0 0 0 0 0 0 0 0 0 
30 0 0 0 0 0 0 0 0 0 0 0 0 0 0 0 0 0 
8 0 0 0 0 0 0 0 0 0 0 0 0 0 0 0 0 0 
2 0 0 0 0 0 0 0 0 0 0 0 0 0 0 0 0 0 
0 0 0 0 0 0 0 0 0 0 0 0 0 0 0 0 0 0 
0 0 0 0 0 0 0 0 0 0 0 0 0 0 0 0 0 0 
0 0 0 0 0 0 0 0 0 0 0 0 0 0 0 0 0 0 
10000 9981 9940 9808 9653 9400 9148 8732 8316 7817 7300 6776 6232 5643 5062 4376 3590 2637 
7084 4456 3026 1914 1169 687 403 180 62 9 4 0 0 0 0 0 0 0 
5431 2221 938 261 47 7 2 0 0 0 0 0 0 0 0 0 0 0 
4212 1220 316 29 2 0 0 0 0 0 0 0 0 0 0 0 0 0 
3263 569 72 3 0 0 0 0 0 0 0 0 0 0 0 0 0 0 
2451 234 11 1 0 0 0 0 0 0 0 0 0 0 0 0 0 0 
1731 90 0 0 0 0 0 0 0 0 0 0 0 0 0 0 0 0 
1253 24 0 0 0 0 0 0 0 0 0 0 0 0 0 0 0 0 
857 3 0 0 0 0 0 0 0 0 0 0 0 0 0 0 0 0 
561 1 0 0 0 0 0 0 0 0 0 0 0 0 0 0 0 0 
360 0 0 0 0 0 0 0 0 0 0 0 0 0 0 0 0 0 
198 0 0 0 0 0 0 0 0 0 0 0 0 0 0 0 0 0 
127 0 0 0 0 0 0 0 0 0 0 0 0 0 0 0 0 0 
58 0 0 0 0 0 0 0 0 0 0 0 0 0 0 0 0 0 
28 0 0 0 0 0 0 0 0 0 0 0 0 0 0 0 0 0 
11 0 0 0 0 0 0 0 0 0 0 0 0 0 0 0 0 0 
2 0 0 0 0 0 0 0 0 0 0 0 0 0 0 0 0 0 
1 0 0 0 0 0 0 0 0 0 0 0 0 0 0 0 0 0 
10000 9989 9957 9857 9728 9577 9356 9062 8734 8348 7861 7296 6750 6171 5445 4683 3759 2694 
7055 3359 2057 1198 715 412 245 117 31 13 3 1 0 0 0 0 0 0 
5480 1497 510 111 21 3 0 0 0 0 0 0 0 0 0 0 0 0 
4294 722 144 11 1 0 0 0 0 0 0 0 0 0 0 0 0 0 
3402 321 26 0 0 0 0 0 0 0 0 0 0 0 0 0 0 0 
2596 129 6 0 0 0 0 0 0 0 0 0 0 0 0 0 0 0 
1949 50 0 0 0 0 0 0 0 0 0 0 0 0 0 0 0 0 
1444 10 0 0 0 0 0 0 0 0 0 0 0 0 0 0 0 0 
1047 0 0 0 0 0 0 0 0 0 0 0 0 0 0 0 0 0 
720 0 0 0 0 0 0 0 0 0 0 0 0 0 0 0 0 0 
462 0 0 0 0 0 0 0 0 0 0 0 0 0 0 0 0 0 
279 0 0 0 0 0 0 0 0 0 0 0 0 0 0 0 0 0 
164 0 0 0 0 0 0 0 0 0 0 0 0 0 0 0 0 0 
84 0 0 0 0 0 0 0 0 0 0 0 0 0 0 0 0 0 
33 0 0 0 0 0 0 0 0 0 0 0 0 0 0 0 0 0 
10 0 0 0 0 0 0 0 0 0 0 0 0 0 0 0 0 0 
1 0 0 0 0 0 0 0 0 0 0 0 0 0 0 0 0 0 
0 0 0 0 0 0 0 0 0 0 0 0 0 0 0 0 0 0 
10000 9990 9976 9935 9863 9776 9672 9540 9395 9202 9002 8736 8416 7985 7552 6958 6064 4763 
5177 52 15 8 5 1 0 0 0 0 0 0 0 0 0 0 0 0 
3908 7 0 0 0 0 0 0 0 0 0 0 0 0 0 0 0 0 
3116 5 0 0 0 0 0 0 0 0 0 0 0 0 0 0 0 0 
2502 0 0 0 0 0 0 0 0 0 0 0 0 0 0 0 0 0 
2026 0 0 0 0 0 0 0 0 0 0 0 0 0 0 0 0 0 
1658 0 0 0 0 0 0 0 0 0 0 0 0 0 0 0 0 0 
1315 0 0 0 0 0 0 0 0 0 0 0 0 0 0 0 0 0 
1030 0 0 0 0 0 0 0 0 0 0 0 0 0 0 0 0 0 
791 0 0 0 0 0 0 0 0 0 0 0 0 0 0 0 0 0 
597 0 0 0 0 0 0 0 0 0 0 0 0 0 0 0 0 0 
423 0 0 0 0 0 0 0 0 0 0 0 0 0 0 0 0 0 
258 0 0 0 0 0 0 0 0 0 0 0 0 0 0 0 0 0 
156 0 0 0 0 0 0 0 0 0 0 0 0 0 0 0 0 0 
84 0 0 0 0 0 0 0 0 0 0 0 0 0 0 0 0 0 
35 0 0 0 0 0 0 0 0 0 0 0 0 0 0 0 0 0 
5 0 0 0 0 0 0 0 0 0 0 0 0 0 0 0 0 0 
1 0 0 0 0 0 0 0 0 0 0 0 0 0 0 0 0 0 
10000 9985 9953 9879 9769 9625 9414 9185 8847 8482 8044 7591 7043 6346 5643 4759 3739 2484 
7280 2390 1152 624 330 210 121 64 25 8 0 0 0 0 0 0 0 0 
5694 863 184 32 5 1 0 0 0 0 0 0 0 0 0 0 0 0 
4612 387 56 2 0 0 0 0 0 0 0 0 0 0 0 0 0 0 
3705 172 19 0 0 0 0 0 0 0 0 0 0 0 0 0 0 0 
3009 73 3 0 0 0 0 0 0 0 0 0 0 0 0 0 0 0 
2393 26 1 0 0 0 0 0 0 0 0 0 0 0 0 0 0 0 
1811 7 0 0 0 0 0 0 0 0 0 0 0 0 0 0 0 0 
1314 0 0 0 0 0 0 0 0 0 0 0 0 0 0 0 0 0 
976 0 0 0 0 0 0 0 0 0 0 0 0 0 0 0 0 0 
700 0 0 0 0 0 0 0 0 0 0 0 0 0 0 0 0 0 
452 0 0 0 0 0 0 0 0 0 0 0 0 0 0 0 0 0 
271 0 0 0 0 0 0 0 0 0 0 0 0 0 0 0 0 0 
144 0 0 0 0 0 0 0 0 0 0 0 0 0 0 0 0 0 
77 0 0 0 0 0 0 0 0 0 0 0 0 0 0 0 0 0 
18 0 0 0 0 0 0 0 0 0 0 0 0 0 0 0 0 0 
1 0 0 0 0 0 0 0 0 0 0 0 0 0 0 0 0 0 
0 0 0 0 0 0 0 0 0 0 0 0 0 0 0 0 0 0 
10000 9991 9966 9914 9860 9771 9670 9537 9356 9193 8985 8689 8322 7918 7384 6643 5757 4306 
5636 12 1 0 0 0 0 0 0 0 0 0 0 0 0 0 0 0 
4210 2 0 0 0 0 0 0 0 0 0 0 0 0 0 0 0 0 
3349 2 0 0 0 0 0 0 0 0 0 0 0 0 0 0 0 0 
2731 1 0 0 0 0 0 0 0 0 0 0 0 0 0 0 0 0 
2197 0 0 0 0 0 0 0 0 0 0 0 0 0 0 0 0 0 
1785 0 0 0 0 0 0 0 0 0 0 0 0 0 0 0 0 0 
1376 0 0 0 0 0 0 0 0 0 0 0 0 0 0 0 0 0 
1065 0 0 0 0 0 0 0 0 0 0 0 0 0 0 0 0 0 
829 0 0 0 0 0 0 0 0 0 0 0 0 0 0 0 0 0 
588 0 0 0 0 0 0 0 0 0 0 0 0 0 0 0 0 0 
410 0 0 0 0 0 0 0 0 0 0 0 0 0 0 0 0 0 
275 0 0 0 0 0 0 0 0 0 0 0 0 0 0 0 0 0 
150 0 0 0 0 0 0 0 0 0 0 0 0 0 0 0 0 0 
85 0 0 0 0 0 0 0 0 0 0 0 0 0 0 0 0 0 
28 0 0 0 0 0 0 0 0 0 0 0 0 0 0 0 0 0 
5 0 0 0 0 0 0 0 0 0 0 0 0 0 0 0 0 0 
1 0 0 0 0 0 0 0 0 0 0 0 0 0 0 0 0 0 
10000 9991 9974 9932 9849 9764 9664 9524 9366 9176 8926 8620 8310 7822 7312 6611 5685 4303 
5587 4 0 0 0 0 0 0 0 0 0 0 0 0 0 0 0 0 
4289 0 0 0 0 0 0 0 0 0 0 0 0 0 0 0 0 0 
3425 0 0 0 0 0 0 0 0 0 0 0 0 0 0 0 0 0 
2738 0 0 0 0 0 0 0 0 0 0 0 0 0 0 0 0 0 
2269 0 0 0 0 0 0 0 0 0 0 0 0 0 0 0 0 0 
1834 0 0 0 0 0 0 0 0 0 0 0 0 0 0 0 0 0 
1461 0 0 0 0 0 0 0 0 0 0 0 0 0 0 0 0 0 
1124 0 0 0 0 0 0 0 0 0 0 0 0 0 0 0 0 0 
829 0 0 0 0 0 0 0 0 0 0 0 0 0 0 0 0 0 
622 0 0 0 0 0 0 0 0 0 0 0 0 0 0 0 0 0 
429 0 0 0 0 0 0 0 0 0 0 0 0 0 0 0 0 0 
286 0 0 0 0 0 0 0 0 0 0 0 0 0 0 0 0 0 
167 0 0 0 0 0 0 0 0 0 0 0 0 0 0 0 0 0 
76 0 0 0 0 0 0 0 0 0 0 0 0 0 0 0 0 0 
27 0 0 0 0 0 0 0 0 0 0 0 0 0 0 0 0 0 
4 0 0 0 0 0 0 0 0 0 0 0 0 0 0 0 0 0 
0 0 0 0 0 0 0 0 0 0 0 0 0 0 0 0 0 0 
10000 9991 9986 9935 9896 9808 9752 9665 9552 9391 9242 9030 8802 8473 8074 7570 6894 5747 
4208 0 0 0 0 0 0 0 0 0 0 0 0 0 0 0 0 0 
3097 0 0 0 0 0 0 0 0 0 0 0 0 0 0 0 0 0 
2447 0 0 0 0 0 0 0 0 0 0 0 0 0 0 0 0 0 
1978 0 0 0 0 0 0 0 0 0 0 0 0 0 0 0 0 0 
1598 0 0 0 0 0 0 0 0 0 0 0 0 0 0 0 0 0 
1290 0 0 0 0 0 0 0 0 0 0 0 0 0 0 0 0 0 
1014 0 0 0 0 0 0 0 0 0 0 0 0 0 0 0 0 0 
787 0 0 0 0 0 0 0 0 0 0 0 0 0 0 0 0 0 
610 0 0 0 0 0 0 0 0 0 0 0 0 0 0 0 0 0 
444 0 0 0 0 0 0 0 0 0 0 0 0 0 0 0 0 0 
304 0 0 0 0 0 0 0 0 0 0 0 0 0 0 0 0 0 
204 0 0 0 0 0 0 0 0 0 0 0 0 0 0 0 0 0 
119 0 0 0 0 0 0 0 0 0 0 0 0 0 0 0 0 0 
66 0 0 0 0 0 0 0 0 0 0 0 0 0 0 0 0 0 
26 0 0 0 0 0 0 0 0 0 0 0 0 0 0 0 0 0 
0 0 0 0 0 0 0 0 0 0 0 0 0 0 0 0 0 0 
0 0 0 0 0 0 0 0 0 0 0 0 0 0 0 0 0 0 
