1 0.998087 0.995781 0.985375 0.971019 0.952294 0.926681 0.893125 0.85295 0.805556 0.752031 0.691681 0.627075 0.557831 0.482731 0.402213 0.314181 0.215356 
0.749594 0.3803 0.235506 0.136387 0.0796375 0.04405 0.0228375 0.009975 0.00308125 0.0008875 0.00018125 2.5e-05 0 0 0 0 0 0 
0.601375 0.181469 0.0661562 0.016125 0.0029375 0.00039375 1.25e-05 6.25e-06 0 0 0 0 0 0 0 0 0 0 
0.487487 0.0934687 0.0201125 0.00176875 0.0001125 6.25e-06 6.25e-06 0 0 0 0 0 0 0 0 0 0 0 
0.386931 0.0431187 0.00460625 5.625e-05 0 0 0 0 0 0 0 0 0 0 0 0 0 0 
0.299819 0.0170312 0.00065625 0 0 0 0 0 0 0 0 0 0 0 0 0 0 0 
0.224644 0.00555625 3.125e-05 0 0 0 0 0 0 0 0 0 0 0 0 0 0 0 
0.164912 0.0012 0 0 0 0 0 0 0 0 0 0 0 0 0 0 0 0 
0.114813 0.00016875 0 0 0 0 0 0 0 0 0 0 0 0 0 0 0 0 
0.0764812 3.125e-05 0 0 0 0 0 0 0 0 0 0 0 0 0 0 0 0 
0.0480062 6.25e-06 0 0 0 0 0 0 0 0 0 0 0 0 0 0 0 0 
0.028225 0 0 0 0 0 0 0 0 0 0 0 0 0 0 0 0 0 
0.0151562 0 0 0 0 0 0 0 0 0 0 0 0 0 0 0 0 0 
0.00700625 0 0 0 0 0 0 0 0 0 0 0 0 0 0 0 0 0 
0.00275625 0 0 0 0 0 0 0 0 0 0 0 0 0 0 0 0 0 
0.000825 0 0 0 0 0 0 0 0 0 0 0 0 0 0 0 0 0 
9.375e-05 0 0 0 0 0 0 0 0 0 0 0 0 0 0 0 0 0 
0 0 0 0 0 0 0 0 0 0 0 0 0 0 0 0 0 0 
1 0.997687 0.9939 0.9778 0.955275 0.924437 0.881825 0.831787 0.772962 0.707062 0.635375 0.564075 0.490462 0.419463 0.347912 0.279062 0.20745 0.138 
0.825 0.587762 0.415863 0.265837 0.160825 0.0932 0.0480875 0.0220625 0.0072125 0.00205 0.000525 0.0001 6.25e-05 1.25e-05 1.25e-05 0 0 0 
0.6716 0.3194 0.13585 0.0369125 0.006275 0.0010125 7.5e-05 0 0 0 0 0 0 0 0 0 0 0 
0.541887 0.173812 0.04415 0.004425 0.000175 1.25e-05 0 0 0 0 0 0 0 0 0 0 0 0 
0.422087 0.0819125 0.0112125 0.0003125 0 0 0 0 0 0 0 0 0 0 0 0 0 0 
0.3177 0.0332125 0.001875 3.75e-05 0 0 0 0 0 0 0 0 0 0 0 0 0 0 
0.228363 0.0113875 0.000225 0 0 0 0 0 0 0 0 0 0 0 0 0 0 0 
0.155925 0.0026375 5e-05 0 0 0 0 0 0 0 0 0 0 0 0 0 0 0 
0.10275 0.00055 0 0 0 0 0 0 0 0 0 0 0 0 0 0 0 0 
0.0634 8.75e-05 0 0 0 0 0 0 0 0 0 0 0 0 0 0 0 0 
0.0386625 2.5e-05 0 0 0 0 0 0 0 0 0 0 0 0 0 0 0 0 
0.0212625 1.25e-05 0 0 0 0 0 0 0 0 0 0 0 0 0 0 0 0 
0.010625 0 0 0 0 0 0 0 0 0 0 0 0 0 0 0 0 0 
0.004675 0 0 0 0 0 0 0 0 0 0 0 0 0 0 0 0 0 
0.001625 0 0 0 0 0 0 0 0 0 0 0 0 0 0 0 0 0 
0.00055 0 0 0 0 0 0 0 0 0 0 0 0 0 0 0 0 0 
0.0001 0 0 0 0 0 0 0 0 0 0 0 0 0 0 0 0 0 
0 0 0 0 0 0 0 0 0 0 0 0 0 0 0 0 0 0 
1 0.998487 0.996375 0.990437 0.9831 0.973012 0.962075 0.947362 0.928288 0.903762 0.873437 0.838462 0.7936 0.742125 0.678312 0.603625 0.502387 0.36035 
0.62485 0.04055 0.013275 0.005625 0.0029625 0.00155 0.000725 0.0004 0.000125 6.25e-05 1.25e-05 0 0 0 0 0 0 0 
0.484212 0.0100625 0.001325 8.75e-05 1.25e-05 0 0 0 0 0 0 0 0 0 0 0 0 0 
0.391525 0.0040875 0.000275 0 0 0 0 0 0 0 0 0 0 0 0 0 0 0 
0.319487 0.0020375 0.000125 0 0 0 0 0 0 0 0 0 0 0 0 0 0 0 
0.25965 0.0008875 2.5e-05 0 0 0 0 0 0 0 0 0 0 0 0 0 0 0 
0.207987 0.0002625 0 0 0 0 0 0 0 0 0 0 0 0 0 0 0 0 
0.164875 0.0001 0 0 0 0 0 0 0 0 0 0 0 0 0 0 0 0 
0.1273 1.25e-05 0 0 0 0 0 0 0 0 0 0 0 0 0 0 0 0 
0.094 0 0 0 0 0 0 0 0 0 0 0 0 0 0 0 0 0 
0.0670625 0 0 0 0 0 0 0 0 0 0 0 0 0 0 0 0 0 
0.044875 0 0 0 0 0 0 0 0 0 0 0 0 0 0 0 0 0 
0.028125 0 0 0 0 0 0 0 0 0 0 0 0 0 0 0 0 0 
0.01555 0 0 0 0 0 0 0 0 0 0 0 0 0 0 0 0 0 
0.0074875 0 0 0 0 0 0 0 0 0 0 0 0 0 0 0 0 0 
0.002625 0 0 0 0 0 0 0 0 0 0 0 0 0 0 0 0 0 
0.00055 0 0 0 0 0 0 0 0 0 0 0 0 0 0 0 0 0 
5e-05 0 0 0 0 0 0 0 0 0 0 0 0 0 0 0 0 0 
1 0.997225 0.9919 0.970525 0.93475 0.895575 0.835925 0.769025 0.6899 0.607625 0.520725 0.4434 0.369125 0.305625 0.2433 0.189725 0.137975 0.09285 
0.872625 0.746675 0.5954 0.42365 0.2643 0.16225 0.086025 0.04065 0.0145 0.003925 0.001325 0.00045 0.00015 2.5e-05 0 0 0 0 
0.706325 0.4496 0.217775 0.070225 0.010875 0.00265 0.00035 5e-05 7.5e-05 0 0 0 0 0 0 0 0 0 
0.565 0.253775 0.0752 0.010175 0.000475 5e-05 0 0 0 0 0 0 0 0 0 0 0 0 
0.42255 0.121925 0.0174 0.000825 0 0 0 0 0 0 0 0 0 0 0 0 0 0 
0.30055 0.0483 0.00355 0.0001 0 0 0 0 0 0 0 0 0 0 0 0 0 0 
0.2038 0.01545 0.0006 0 0 0 0 0 0 0 0 0 0 0 0 0 0 0 
0.128925 0.0038 5e-05 0 0 0 0 0 0 0 0 0 0 0 0 0 0 0 
0.076825 0.0007 2.5e-05 0 0 0 0 0 0 0 0 0 0 0 0 0 0 0 
0.042025 0.0002 0 0 0 0 0 0 0 0 0 0 0 0 0 0 0 0 
0.023025 2.5e-05 0 0 0 0 0 0 0 0 0 0 0 0 0 0 0 0 
0.011525 2.5e-05 0 0 0 0 0 0 0 0 0 0 0 0 0 0 0 0 
0.0051 0 0 0 0 0 0 0 0 0 0 0 0 0 0 0 0 0 
0.0021 0 0 0 0 0 0 0 0 0 0 0 0 0 0 0 0 0 
0.000725 0 0 0 0 0 0 0 0 0 0 0 0 0 0 0 0 0 
0.00015 0 0 0 0 0 0 0 0 0 0 0 0 0 0 0 0 0 
0 0 0 0 0 0 0 0 0 0 0 0 0 0 0 0 0 0 
0 0 0 0 0 0 0 0 0 0 0 0 0 0 0 0 0 0 
1 0.998175 0.996 0.98855 0.978975 0.9663 0.952575 0.9334 0.9105 0.87945 0.843475 0.799625 0.749425 0.689375 0.623 0.544825 0.4449 0.316625 
0.663475 0.1497 0.069 0.033875 0.01955 0.01075 0.0061 0.002575 0.000975 0.000275 0.00015 0 0 0 0 0 0 0 
0.51995 0.0503 0.012 0.002525 0.0004 5e-05 0 0 0 0 0 0 0 0 0 0 0 0 
0.4181 0.022625 0.002925 0.000175 0 0 0 0 0 0 0 0 0 0 0 0 0 0 
0.340475 0.0102 0.000825 0 0 0 0 0 0 0 0 0 0 0 0 0 0 0 
0.274025 0.0041 0.000125 0 0 0 0 0 0 0 0 0 0 0 0 0 0 0 
0.217625 0.001675 5e-05 0 0 0 0 0 0 0 0 0 0 0 0 0 0 0 
0.169375 0.00045 0 0 0 0 0 0 0 0 0 0 0 0 0 0 0 0 
0.12715 0.000125 0 0 0 0 0 0 0 0 0 0 0 0 0 0 0 0 
0.09235 0 0 0 0 0 0 0 0 0 0 0 0 0 0 0 0 0 
0.064375 0 0 0 0 0 0 0 0 0 0 0 0 0 0 0 0 0 
0.04335 0 0 0 0 0 0 0 0 0 0 0 0 0 0 0 0 0 
0.02705 0 0 0 0 0 0 0 0 0 0 0 0 0 0 0 0 0 
0.01495 0 0 0 0 0 0 0 0 0 0 0 0 0 0 0 0 0 
0.007775 0 0 0 0 0 0 0 0 0 0 0 0 0 0 0 0 0 
0.002675 0 0 0 0 0 0 0 0 0 0 0 0 0 0 0 0 0 
0.0006 0 0 0 0 0 0 0 0 0 0 0 0 0 0 0 0 0 
2.5e-05 0 0 0 0 0 0 0 0 0 0 0 0 0 0 0 0 0 
1 0.9982 0.996275 0.98915 0.979025 0.9678 0.95185 0.932575 0.9075 0.875825 0.841225 0.7959 0.740775 0.67985 0.6063 0.5212 0.41095 0.273025 
0.7089 0.0999 0.037825 0.0167 0.008375 0.0047 0.002225 0.00095 0.000475 0.0001 0 2.5e-05 0 0 0 0 0 0 
0.56175 0.028175 0.003825 0.000425 0.00015 0 0 0 0 0 0 0 0 0 0 0 0 0 
0.4605 0.012 0.0012 2.5e-05 0 0 0 0 0 0 0 0 0 0 0 0 0 0 
0.37605 0.00525 0.00025 0 0 0 0 0 0 0 0 0 0 0 0 0 0 0 
0.30715 0.002075 2.5e-05 0 0 0 0 0 0 0 0 0 0 0 0 0 0 0 
0.248475 0.000675 0 0 0 0 0 0 0 0 0 0 0 0 0 0 0 0 
0.1922 0.000175 0 0 0 0 0 0 0 0 0 0 0 0 0 0 0 0 
0.148775 7.5e-05 0 0 0 0 0 0 0 0 0 0 0 0 0 0 0 0 
0.11025 2.5e-05 0 0 0 0 0 0 0 0 0 0 0 0 0 0 0 0 
0.07855 0 0 0 0 0 0 0 0 0 0 0 0 0 0 0 0 0 
0.052175 0 0 0 0 0 0 0 0 0 0 0 0 0 0 0 0 0 
0.031775 0 0 0 0 0 0 0 0 0 0 0 0 0 0 0 0 0 
0.017725 0 0 0 0 0 0 0 0 0 0 0 0 0 0 0 0 0 
0.00865 0 0 0 0 0 0 0 0 0 0 0 0 0 0 0 0 0 
0.00325 0 0 0 0 0 0 0 0 0 0 0 0 0 0 0 0 0 
0.000775 0 0 0 0 0 0 0 0 0 0 0 0 0 0 0 0 0 
0 0 0 0 0 0 0 0 0 0 0 0 0 0 0 0 0 0 
1 0.998475 0.99755 0.991825 0.985575 0.976275 0.9671 0.95555 0.94215 0.92245 0.89865 0.8707 0.83805 0.79645 0.7437 0.677225 0.586375 0.4494 
0.54315 7.5e-05 2.5e-05 0 0 0 0 0 0 0 0 0 0 0 0 0 0 0 
0.409775 0 0 0 0 0 0 0 0 0 0 0 0 0 0 0 0 0 
0.3281 0 0 0 0 0 0 0 0 0 0 0 0 0 0 0 0 0 
0.2641 0 0 0 0 0 0 0 0 0 0 0 0 0 0 0 0 0 
0.213625 0 0 0 0 0 0 0 0 0 0 0 0 0 0 0 0 0 
0.171625 0 0 0 0 0 0 0 0 0 0 0 0 0 0 0 0 0 
0.13655 0 0 0 0 0 0 0 0 0 0 0 0 0 0 0 0 0 
0.10505 0 0 0 0 0 0 0 0 0 0 0 0 0 0 0 0 0 
0.078725 0 0 0 0 0 0 0 0 0 0 0 0 0 0 0 0 0 
0.05785 0 0 0 0 0 0 0 0 0 0 0 0 0 0 0 0 0 
0.039325 0 0 0 0 0 0 0 0 0 0 0 0 0 0 0 0 0 
0.026125 0 0 0 0 0 0 0 0 0 0 0 0 0 0 0 0 0 
0.016075 0 0 0 0 0 0 0 0 0 0 0 0 0 0 0 0 0 
0.008175 0 0 0 0 0 0 0 0 0 0 0 0 0 0 0 0 0 
0.0033 0 0 0 0 0 0 0 0 0 0 0 0 0 0 0 0 0 
0.000775 0 0 0 0 0 0 0 0 0 0 0 0 0 0 0 0 0 
7.5e-05 0 0 0 0 0 0 0 0 0 0 0 0 0 0 0 0 0 
1 0.9961 0.9906 0.9653 0.9159 0.8661 0.7828 0.70375 0.6142 0.52365 0.42665 0.35295 0.27805 0.22185 0.16905 0.1292 0.09115 0.06115 
0.9063 0.8348 0.7232 0.5623 0.35565 0.2307 0.1228 0.0626 0.0219 0.0065 0.00245 0.0011 0.0005 0.00025 0.0002 0 0 0 
0.7299 0.5305 0.2924 0.1089 0.01725 0.0051 0.00045 0.0004 0 0 0 0 0 0 0 0 0 0 
0.58035 0.31605 0.1063 0.02145 0.00125 0.0003 0 5e-05 0 0 0 0 0 0 0 0 0 0 
0.4187 0.14705 0.02605 0.002 0.00015 0 0 0 0 0 0 0 0 0 0 0 0 0 
0.2868 0.0583 0.0053 0.00025 0 0 0 0 0 0 0 0 0 0 0 0 0 0 
0.17925 0.0191 0.0011 0.00015 0 0 0 0 0 0 0 0 0 0 0 0 0 0 
0.10535 0.00475 0.0003 0 0 0 0 0 0 0 0 0 0 0 0 0 0 0 
0.05775 0.0012 0.00015 5e-05 0 0 0 0 0 0 0 0 0 0 0 0 0 0 
0.03095 0.00025 0 0 0 0 0 0 0 0 0 0 0 0 0 0 0 0 
0.0143 0.0001 0 0 0 0 0 0 0 0 0 0 0 0 0 0 0 0 
0.0066 0 0 0 0 0 0 0 0 0 0 0 0 0 0 0 0 0 
0.0026 0 0 0 0 0 0 0 0 0 0 0 0 0 0 0 0 0 
0.00085 0 0 0 0 0 0 0 0 0 0 0 0 0 0 0 0 0 
0.00015 0 0 0 0 0 0 0 0 0 0 0 0 0 0 0 0 0 
0 0 0 0 0 0 0 0 0 0 0 0 0 0 0 0 0 0 
5e-05 0 0 0 0 0 0 0 0 0 0 0 0 0 0 0 0 0 
5e-05 0 0 0 0 0 0 0 0 0 0 0 0 0 0 0 0 0 
1 0.99815 0.9955 0.9824 0.96995 0.94835 0.9221 0.8872 0.85005 0.8049 0.75595 0.69945 0.6438 0.579 0.5151 0.4397 0.35355 0.25445 
0.71875 0.396 0.2548 0.1542 0.09765 0.0596 0.0316 0.015 0.00565 0.0016 0.0004 0 0 0 0 0 0 0 
0.55545 0.1842 0.07135 0.01825 0.00355 0.0006 5e-05 0 0 0 0 0 0 0 0 0 0 0 
0.4328 0.09485 0.0211 0.0017 0.0001 0 0 0 0 0 0 0 0 0 0 0 0 0 
0.3388 0.04745 0.0058 0.0001 0 0 0 0 0 0 0 0 0 0 0 0 0 0 
0.25955 0.0208 0.00085 0 0 0 0 0 0 0 0 0 0 0 0 0 0 0 
0.19225 0.0063 5e-05 0 0 0 0 0 0 0 0 0 0 0 0 0 0 0 
0.13925 0.00135 0 0 0 0 0 0 0 0 0 0 0 0 0 0 0 0 
0.0977 0.0002 0 0 0 0 0 0 0 0 0 0 0 0 0 0 0 0 
0.0664 0 0 0 0 0 0 0 0 0 0 0 0 0 0 0 0 0 
0.0444 0 0 0 0 0 0 0 0 0 0 0 0 0 0 0 0 0 
0.02885 0 0 0 0 0 0 0 0 0 0 0 0 0 0 0 0 0 
0.017 0 0 0 0 0 0 0 0 0 0 0 0 0 0 0 0 0 
0.00855 0 0 0 0 0 0 0 0 0 0 0 0 0 0 0 0 0 
0.00365 0 0 0 0 0 0 0 0 0 0 0 0 0 0 0 0 0 
0.00145 0 0 0 0 0 0 0 0 0 0 0 0 0 0 0 0 0 
0.00035 0 0 0 0 0 0 0 0 0 0 0 0 0 0 0 0 0 
5e-05 0 0 0 0 0 0 0 0 0 0 0 0 0 0 0 0 0 
1 0.99835 0.9952 0.9857 0.97205 0.95485 0.93515 0.90775 0.8726 0.8331 0.7871 0.7318 0.67105 0.60285 0.5256 0.4433 0.34265 0.22935 
0.74395 0.30805 0.1645 0.09285 0.0536 0.0328 0.0174 0.00795 0.0026 0.0008 0.00015 5e-05 0 0 0 0 0 0 
0.58615 0.1195 0.0347 0.00745 0.00195 0.0002 0 0 0 0 0 0 0 0 0 0 0 0 
0.4711 0.0578 0.0096 0.00075 0 0 0 0 0 0 0 0 0 0 0 0 0 0 
0.3803 0.0262 0.00225 0 0 0 0 0 0 0 0 0 0 0 0 0 0 0 
0.2996 0.01095 0.0005 0 0 0 0 0 0 0 0 0 0 0 0 0 0 0 
0.23015 0.0033 0 0 0 0 0 0 0 0 0 0 0 0 0 0 0 0 
0.1773 0.0012 0 0 0 0 0 0 0 0 0 0 0 0 0 0 0 0 
0.13105 0.0001 0 0 0 0 0 0 0 0 0 0 0 0 0 0 0 0 
0.09205 5e-05 0 0 0 0 0 0 0 0 0 0 0 0 0 0 0 0 
0.0603 0 0 0 0 0 0 0 0 0 0 0 0 0 0 0 0 0 
0.03945 0 0 0 0 0 0 0 0 0 0 0 0 0 0 0 0 0 
0.0227 0 0 0 0 0 0 0 0 0 0 0 0 0 0 0 0 0 
0.0127 0 0 0 0 0 0 0 0 0 0 0 0 0 0 0 0 0 
0.0054 0 0 0 0 0 0 0 0 0 0 0 0 0 0 0 0 0 
0.00175 0 0 0 0 0 0 0 0 0 0 0 0 0 0 0 0 0 
0.00025 0 0 0 0 0 0 0 0 0 0 0 0 0 0 0 0 0 
0.0001 0 0 0 0 0 0 0 0 0 0 0 0 0 0 0 0 0 
1 0.9991 0.9967 0.99065 0.9849 0.97445 0.96565 0.9515 0.9363 0.91855 0.8914 0.8599 0.8234 0.77695 0.7228 0.6525 0.5607 0.41845 
0.57325 0.0029 0.0006 0.00015 0.0001 0 0 0 0 0 0 0 0 0 0 0 0 0 
0.4344 0.00035 5e-05 0 0 0 0 0 0 0 0 0 0 0 0 0 0 0 
0.34875 5e-05 0 0 0 0 0 0 0 0 0 0 0 0 0 0 0 0 
0.2842 0 0 0 0 0 0 0 0 0 0 0 0 0 0 0 0 0 
0.23105 0 0 0 0 0 0 0 0 0 0 0 0 0 0 0 0 0 
0.18965 0 0 0 0 0 0 0 0 0 0 0 0 0 0 0 0 0 
0.1476 0 0 0 0 0 0 0 0 0 0 0 0 0 0 0 0 0 
0.11525 0 0 0 0 0 0 0 0 0 0 0 0 0 0 0 0 0 
0.08655 0 0 0 0 0 0 0 0 0 0 0 0 0 0 0 0 0 
0.0615 0 0 0 0 0 0 0 0 0 0 0 0 0 0 0 0 0 
0.0422 0 0 0 0 0 0 0 0 0 0 0 0 0 0 0 0 0 
0.02725 0 0 0 0 0 0 0 0 0 0 0 0 0 0 0 0 0 
0.0168 0 0 0 0 0 0 0 0 0 0 0 0 0 0 0 0 0 
0.0093 0 0 0 0 0 0 0 0 0 0 0 0 0 0 0 0 0 
0.00335 0 0 0 0 0 0 0 0 0 0 0 0 0 0 0 0 0 
0.0008 0 0 0 0 0 0 0 0 0 0 0 0 0 0 0 0 0 
0 0 0 0 0 0 0 0 0 0 0 0 0 0 0 0 0 0 
1 0.99785 0.99505 0.98605 0.9739 0.95805 0.9383 0.9124 0.8813 0.83945 0.7929 0.736 0.67615 0.6038 0.51915 0.42415 0.31385 0.1915 
0.7808 0.21785 0.0996 0.0496 0.0264 0.01445 0.00775 0.0036 0.0016 0.00015 0 0 0 0 0 0 0 0 
0.6362 0.07175 0.01375 0.002 0.00025 0 0 0 0 0 0 0 0 0 0 0 0 0 
0.52685 0.03195 0.003 0.0001 5e-05 0 0 0 0 0 0 0 0 0 0 0 0 0 
0.4283 0.01445 0.00045 0 0 0 0 0 0 0 0 0 0 0 0 0 0 0 
0.3473 0.0052 0 0 0 0 0 0 0 0 0 0 0 0 0 0 0 0 
0.27725 0.00245 0 0 0 0 0 0 0 0 0 0 0 0 0 0 0 0 
0.21535 0.00045 0 0 0 0 0 0 0 0 0 0 0 0 0 0 0 0 
0.1649 5e-05 0 0 0 0 0 0 0 0 0 0 0 0 0 0 0 0 
0.1205 0 0 0 0 0 0 0 0 0 0 0 0 0 0 0 0 0 
0.0817 0 0 0 0 0 0 0 0 0 0 0 0 0 0 0 0 0 
0.05375 0 0 0 0 0 0 0 0 0 0 0 0 0 0 0 0 0 
0.03095 0 0 0 0 0 0 0 0 0 0 0 0 0 0 0 0 0 
0.01815 0 0 0 0 0 0 0 0 0 0 0 0 0 0 0 0 0 
0.00795 0 0 0 0 0 0 0 0 0 0 0 0 0 0 0 0 0 
0.00275 0 0 0 0 0 0 0 0 0 0 0 0 0 0 0 0 0 
0.00045 0 0 0 0 0 0 0 0 0 0 0 0 0 0 0 0 0 
0.0001 0 0 0 0 0 0 0 0 0 0 0 0 0 0 0 0 0 
1 0.99805 0.99675 0.9916 0.98065 0.97145 0.9615 0.94635 0.9278 0.90505 0.87615 0.8441 0.8024 0.7507 0.6892 0.61455 0.51145 0.3647 
0.6236 0.00045 5e-05 0 0 0 0 0 0 0 0 0 0 0 0 0 0 0 
0.4869 5e-05 0 0 0 0 0 0 0 0 0 0 0 0 0 0 0 0 
0.3873 0 0 0 0 0 0 0 0 0 0 0 0 0 0 0 0 0 
0.31475 0 0 0 0 0 0 0 0 0 0 0 0 0 0 0 0 0 
0.26265 0 0 0 0 0 0 0 0 0 0 0 0 0 0 0 0 0 
0.2087 0 0 0 0 0 0 0 0 0 0 0 0 0 0 0 0 0 
0.16465 0 0 0 0 0 0 0 0 0 0 0 0 0 0 0 0 0 
0.1276 0 0 0 0 0 0 0 0 0 0 0 0 0 0 0 0 0 
0.0973 0 0 0 0 0 0 0 0 0 0 0 0 0 0 0 0 0 
0.07295 0 0 0 0 0 0 0 0 0 0 0 0 0 0 0 0 0 
0.05205 0 0 0 0 0 0 0 0 0 0 0 0 0 0 0 0 0 
0.03395 0 0 0 0 0 0 0 0 0 0 0 0 0 0 0 0 0 
0.0188 0 0 0 0 0 0 0 0 0 0 0 0 0 0 0 0 0 
0.01055 0 0 0 0 0 0 0 0 0 0 0 0 0 0 0 0 0 
0.00455 0 0 0 0 0 0 0 0 0 0 0 0 0 0 0 0 0 
0.00065 0 0 0 0 0 0 0 0 0 0 0 0 0 0 0 0 0 
5e-05 0 0 0 0 0 0 0 0 0 0 0 0 0 0 0 0 0 
1 0.99875 0.99675 0.9905 0.9822 0.97245 0.963 0.9486 0.9276 0.9055 0.8812 0.84355 0.8016 0.75215 0.6915 0.6163 0.51495 0.36545 
0.62585 0.0006 0 0 0 0 0 0 0 0 0 0 0 0 0 0 0 0 
0.48205 0 0 0 0 0 0 0 0 0 0 0 0 0 0 0 0 0 
0.39185 0 0 0 0 0 0 0 0 0 0 0 0 0 0 0 0 0 
0.31665 0 0 0 0 0 0 0 0 0 0 0 0 0 0 0 0 0 
0.25755 0 0 0 0 0 0 0 0 0 0 0 0 0 0 0 0 0 
0.2068 0 0 0 0 0 0 0 0 0 0 0 0 0 0 0 0 0 
0.165 0 0 0 0 0 0 0 0 0 0 0 0 0 0 0 0 0 
0.1275 0 0 0 0 0 0 0 0 0 0 0 0 0 0 0 0 0 
0.09695 0 0 0 0 0 0 0 0 0 0 0 0 0 0 0 0 0 
0.07085 0 0 0 0 0 0 0 0 0 0 0 0 0 0 0 0 0 
0.04745 0 0 0 0 0 0 0 0 0 0 0 0 0 0 0 0 0 
0.03045 0 0 0 0 0 0 0 0 0 0 0 0 0 0 0 0 0 
0.01675 0 0 0 0 0 0 0 0 0 0 0 0 0 0 0 0 0 
0.00795 0 0 0 0 0 0 0 0 0 0 0 0 0 0 0 0 0 
0.003 0 0 0 0 0 0 0 0 0 0 0 0 0 0 0 0 0 
0.00065 0 0 0 0 0 0 0 0 0 0 0 0 0 0 0 0 0 
5e-05 0 0 0 0 0 0 0 0 0 0 0 0 0 0 0 0 0 
1 0.9991 0.99745 0.9932 0.98765 0.9811 0.9704 0.96355 0.95125 0.9349 0.9196 0.8989 0.87185 0.83685 0.7911 0.7379 0.6613 0.53355 
0.46485 0 0 0 0 0 0 0 0 0 0 0 0 0 0 0 0 0 
0.3394 0 0 0 0 0 0 0 0 0 0 0 0 0 0 0 0 0 
0.26645 0 0 0 0 0 0 0 0 0 0 0 0 0 0 0 0 0 
0.21535 0 0 0 0 0 0 0 0 0 0 0 0 0 0 0 0 0 
0.1697 0 0 0 0 0 0 0 0 0 0 0 0 0 0 0 0 0 
0.1339 0 0 0 0 0 0 0 0 0 0 0 0 0 0 0 0 0 
0.1064 0 0 0 0 0 0 0 0 0 0 0 0 0 0 0 0 0 
0.0829 0 0 0 0 0 0 0 0 0 0 0 0 0 0 0 0 0 
0.0646 0 0 0 0 0 0 0 0 0 0 0 0 0 0 0 0 0 
0.04745 0 0 0 0 0 0 0 0 0 0 0 0 0 0 0 0 0 
0.0333 0 0 0 0 0 0 0 0 0 0 0 0 0 0 0 0 0 
0.02185 0 0 0 0 0 0 0 0 0 0 0 0 0 0 0 0 0 
0.0133 0 0 0 0 0 0 0 0 0 0 0 0 0 0 0 0 0 
0.0071 0 0 0 0 0 0 0 0 0 0 0 0 0 0 0 0 0 
0.003 0 0 0 0 0 0 0 0 0 0 0 0 0 0 0 0 0 
0.00075 0 0 0 0 0 0 0 0 0 0 0 0 0 0 0 0 0 
5e-05 0 0 0 0 0 0 0 0 0 0 0 0 0 0 0 0 0 
1 0.9955 0.989 0.9681 0.9024 0.8481 0.7616 0.6767 0.5638 0.4691 0.3683 0.2932 0.2215 0.1767 0.1245 0.0942 0.0668 0.0466 
0.9247 0.8741 0.7866 0.6515 0.4108 0.2717 0.1483 0.0777 0.0255 0.0073 0.0043 0.0018 0.0007 0.0003 0 0 0.0003 0 
0.7513 0.581 0.334 0.1384 0.0167 0.0053 0.0006 0.0006 0 0.0001 0 0 0 0 0 0 0 0 
0.5918 0.3559 0.1189 0.0287 0.0009 0.0002 0.0001 0.0001 0 0 0 0 0 0 0 0 0 0 
0.4115 0.17 0.0245 0.0042 0 0 0 0 0 0 0 0 0 0 0 0 0 0 
0.2744 0.0663 0.0075 0.0013 0 0 0 0 0 0 0 0 0 0 0 0 0 0 
0.1597 0.0209 0.0018 0.0006 0 0 0 0 0 0 0 0 0 0 0 0 0 0 
0.0914 0.0063 0.0006 0.0001 0 0 0 0 0 0 0 0 0 0 0 0 0 0 
0.0428 0.0014 0.0002 0.0001 0 0 0 0 0 0 0 0 0 0 0 0 0 0 
0.0208 0.0003 0 0 0 0 0 0 0 0 0 0 0 0 0 0 0 0 
0.0095 0.0003 0 0 0 0 0 0 0 0 0 0 0 0 0 0 0 0 
0.0041 0.0001 0 0 0 0 0 0 0 0 0 0 0 0 0 0 0 0 
0.002 0 0 0 0 0 0 0 0 0 0 0 0 0 0 0 0 0 
0.001 0 0 0 0 0 0 0 0 0 0 0 0 0 0 0 0 0 
0 0 0 0 0 0 0 0 0 0 0 0 0 0 0 0 0 0 
0 0 0 0 0 0 0 0 0 0 0 0 0 0 0 0 0 0 
0 0 0 0 0 0 0 0 0 0 0 0 0 0 0 0 0 0 
0 0 0 0 0 0 0 0 0 0 0 0 0 0 0 0 0 0 
1 0.9972 0.9922 0.9733 0.9381 0.8979 0.8359 0.7694 0.6916 0.6139 0.5393 0.4683 0.4006 0.3439 0.2865 0.2335 0.1788 0.1258 
0.8351 0.6918 0.551 0.3853 0.2526 0.1443 0.0793 0.0351 0.0116 0.0033 0.0009 0.0003 0 0 0 0 0 0 
0.6865 0.4269 0.2272 0.0732 0.0154 0.0026 0.0004 0 0 0 0 0 0 0 0 0 0 0 
0.5469 0.2495 0.0796 0.0105 0.0003 0 0.0001 0 0 0 0 0 0 0 0 0 0 0 
0.4101 0.1191 0.0221 0.0009 0 0 0 0 0 0 0 0 0 0 0 0 0 0 
0.291 0.0484 0.0048 0 0 0 0 0 0 0 0 0 0 0 0 0 0 0 
0.1929 0.0144 0.0006 0 0 0 0 0 0 0 0 0 0 0 0 0 0 0 
0.1237 0.0039 0 0 0 0 0 0 0 0 0 0 0 0 0 0 0 0 
0.0745 0.0007 0.0001 0 0 0 0 0 0 0 0 0 0 0 0 0 0 0 
0.0486 0.0002 0.0001 0 0 0 0 0 0 0 0 0 0 0 0 0 0 0 
0.024 0 0 0 0 0 0 0 0 0 0 0 0 0 0 0 0 0 
0.0119 0 0 0 0 0 0 0 0 0 0 0 0 0 0 0 0 0 
0.0069 0 0 0 0 0 0 0 0 0 0 0 0 0 0 0 0 0 
0.0035 0 0 0 0 0 0 0 0 0 0 0 0 0 0 0 0 0 
0.0011 0 0 0 0 0 0 0 0 0 0 0 0 0 0 0 0 0 
0.0005 0 0 0 0 0 0 0 0 0 0 0 0 0 0 0 0 0 
0.0001 0 0 0 0 0 0 0 0 0 0 0 0 0 0 0 0 0 
0 0 0 0 0 0 0 0 0 0 0 0 0 0 0 0 0 0 
1 0.9977 0.9936 0.9757 0.9522 0.9186 0.8755 0.8223 0.7649 0.6975 0.6304 0.566 0.5072 0.4438 0.3731 0.3123 0.2363 0.1685 
0.799 0.6056 0.449 0.3021 0.192 0.117 0.0633 0.03 0.0103 0.0035 0.0002 0.0001 0 0 0 0 0 0 
0.6276 0.3319 0.1498 0.0453 0.0084 0.0013 0.0001 0 0 0 0 0 0 0 0 0 0 0 
0.4887 0.1783 0.0509 0.007 0.0001 0 0 0 0 0 0 0 0 0 0 0 0 0 
0.3661 0.0866 0.0114 0.0009 0 0 0 0 0 0 0 0 0 0 0 0 0 0 
0.2686 0.0332 0.0026 0.0001 0 0 0 0 0 0 0 0 0 0 0 0 0 0 
0.1889 0.0111 0.0003 0 0 0 0 0 0 0 0 0 0 0 0 0 0 0 
0.1264 0.0029 0 0 0 0 0 0 0 0 0 0 0 0 0 0 0 0 
0.0853 0.0006 0 0 0 0 0 0 0 0 0 0 0 0 0 0 0 0 
0.0522 0.0001 0 0 0 0 0 0 0 0 0 0 0 0 0 0 0 0 
0.0321 0 0 0 0 0 0 0 0 0 0 0 0 0 0 0 0 0 
0.0181 0 0 0 0 0 0 0 0 0 0 0 0 0 0 0 0 0 
0.0095 0 0 0 0 0 0 0 0 0 0 0 0 0 0 0 0 0 
0.0041 0 0 0 0 0 0 0 0 0 0 0 0 0 0 0 0 0 
0.0012 0 0 0 0 0 0 0 0 0 0 0 0 0 0 0 0 0 
0.0005 0 0 0 0 0 0 0 0 0 0 0 0 0 0 0 0 0 
0.0001 0 0 0 0 0 0 0 0 0 0 0 0 0 0 0 0 0 
0 0 0 0 0 0 0 0 0 0 0 0 0 0 0 0 0 0 
1 0.9987 0.9965 0.9937 0.9832 0.9766 0.9651 0.9504 0.9353 0.9133 0.8846 0.8512 0.8148 0.7671 0.7178 0.6483 0.5548 0.4244 
0.5636 0.065 0.0287 0.0149 0.0084 0.0047 0.0028 0.0017 0.0005 0 0 0 0 0 0 0 0 0 
0.4271 0.0186 0.0049 0.0007 0 0 0 0 0 0 0 0 0 0 0 0 0 0 
0.3381 0.0083 0.0011 0 0 0 0 0 0 0 0 0 0 0 0 0 0 0 
0.2709 0.0045 0.0003 0 0 0 0 0 0 0 0 0 0 0 0 0 0 0 
0.223 0.001 0.0001 0 0 0 0 0 0 0 0 0 0 0 0 0 0 0 
0.1739 0.0001 0 0 0 0 0 0 0 0 0 0 0 0 0 0 0 0 
0.1369 0 0 0 0 0 0 0 0 0 0 0 0 0 0 0 0 0 
0.1045 0 0 0 0 0 0 0 0 0 0 0 0 0 0 0 0 0 
0.0805 0 0 0 0 0 0 0 0 0 0 0 0 0 0 0 0 0 
0.058 0 0 0 0 0 0 0 0 0 0 0 0 0 0 0 0 0 
0.0381 0 0 0 0 0 0 0 0 0 0 0 0 0 0 0 0 0 
0.0221 0 0 0 0 0 0 0 0 0 0 0 0 0 0 0 0 0 
0.0128 0 0 0 0 0 0 0 0 0 0 0 0 0 0 0 0 0 
0.0058 0 0 0 0 0 0 0 0 0 0 0 0 0 0 0 0 0 
0.0021 0 0 0 0 0 0 0 0 0 0 0 0 0 0 0 0 0 
0.0005 0 0 0 0 0 0 0 0 0 0 0 0 0 0 0 0 0 
0 0 0 0 0 0 0 0 0 0 0 0 0 0 0 0 0 0 
1 0.9975 0.9943 0.9803 0.9616 0.9354 0.9056 0.8655 0.8177 0.7611 0.6975 0.6312 0.5628 0.4866 0.4115 0.3361 0.2462 0.162 
0.8085 0.4977 0.3284 0.198 0.1192 0.0702 0.0383 0.018 0.0065 0.0019 0.0004 0.0002 0 0 0 0 0 0 
0.642 0.2293 0.0811 0.0181 0.0025 0.0002 0 0 0 0 0 0 0 0 0 0 0 0 
0.5177 0.1202 0.0228 0.0018 0.0001 0 0 0 0 0 0 0 0 0 0 0 0 0 
0.401 0.0548 0.005 0.0001 0 0 0 0 0 0 0 0 0 0 0 0 0 0 
0.3127 0.0249 0.001 0 0 0 0 0 0 0 0 0 0 0 0 0 0 0 
0.2348 0.0085 0.0001 0 0 0 0 0 0 0 0 0 0 0 0 0 0 0 
0.1715 0.0026 0 0 0 0 0 0 0 0 0 0 0 0 0 0 0 0 
0.1189 0.0006 0 0 0 0 0 0 0 0 0 0 0 0 0 0 0 0 
0.0786 0.0001 0 0 0 0 0 0 0 0 0 0 0 0 0 0 0 0 
0.0525 0 0 0 0 0 0 0 0 0 0 0 0 0 0 0 0 0 
0.0285 0 0 0 0 0 0 0 0 0 0 0 0 0 0 0 0 0 
0.0153 0 0 0 0 0 0 0 0 0 0 0 0 0 0 0 0 0 
0.0075 0 0 0 0 0 0 0 0 0 0 0 0 0 0 0 0 0 
0.003 0 0 0 0 0 0 0 0 0 0 0 0 0 0 0 0 0 
0.0014 0 0 0 0 0 0 0 0 0 0 0 0 0 0 0 0 0 
0.0005 0 0 0 0 0 0 0 0 0 0 0 0 0 0 0 0 0 
0.0001 0 0 0 0 0 0 0 0 0 0 0 0 0 0 0 0 0 
1 0.9982 0.9969 0.9896 0.9854 0.9747 0.9614 0.9484 0.9305 0.9071 0.8792 0.8474 0.7962 0.7477 0.6851 0.6063 0.5141 0.3642 
0.6252 0.0184 0.005 0.0021 0.0011 0.0006 0.0001 0.0001 0 0 0 0 0 0 0 0 0 0 
0.4805 0.003 0.0002 0 0 0 0 0 0 0 0 0 0 0 0 0 0 0 
0.3847 0.001 0 0 0 0 0 0 0 0 0 0 0 0 0 0 0 0 
0.3148 0.0003 0 0 0 0 0 0 0 0 0 0 0 0 0 0 0 0 
0.2584 0.0003 0 0 0 0 0 0 0 0 0 0 0 0 0 0 0 0 
0.2101 0.0001 0 0 0 0 0 0 0 0 0 0 0 0 0 0 0 0 
0.1684 0 0 0 0 0 0 0 0 0 0 0 0 0 0 0 0 0 
0.129 0 0 0 0 0 0 0 0 0 0 0 0 0 0 0 0 0 
0.094 0 0 0 0 0 0 0 0 0 0 0 0 0 0 0 0 0 
0.0666 0 0 0 0 0 0 0 0 0 0 0 0 0 0 0 0 0 
0.0464 0 0 0 0 0 0 0 0 0 0 0 0 0 0 0 0 0 
0.0283 0 0 0 0 0 0 0 0 0 0 0 0 0 0 0 0 0 
0.016 0 0 0 0 0 0 0 0 0 0 0 0 0 0 0 0 0 
0.0085 0 0 0 0 0 0 0 0 0 0 0 0 0 0 0 0 0 
0.0036 0 0 0 0 0 0 0 0 0 0 0 0 0 0 0 0 0 
0.0007 0 0 0 0 0 0 0 0 0 0 0 0 0 0 0 0 0 
0.0001 0 0 0 0 0 0 0 0 0 0 0 0 0 0 0 0 0 
1 0.9984 0.9966 0.9897 0.9837 0.9727 0.9613 0.9437 0.9229 0.9003 0.8747 0.8392 0.7946 0.7439 0.6794 0.6003 0.4967 0.3429 
0.6459 0.0091 0.0018 0.0003 0.0002 0 0 0 0 0 0 0 0 0 0 0 0 0 
0.4976 0.0018 0.0001 0 0 0 0 0 0 0 0 0 0 0 0 0 0 0 
0.4002 0.0004 0 0 0 0 0 0 0 0 0 0 0 0 0 0 0 0 
0.3265 0.0004 0 0 0 0 0 0 0 0 0 0 0 0 0 0 0 0 
0.2699 0.0001 0 0 0 0 0 0 0 0 0 0 0 0 0 0 0 0 
0.2151 0.0001 0 0 0 0 0 0 0 0 0 0 0 0 0 0 0 0 
0.1698 0.0001 0 0 0 0 0 0 0 0 0 0 0 0 0 0 0 0 
0.1336 0 0 0 0 0 0 0 0 0 0 0 0 0 0 0 0 0 
0.0994 0 0 0 0 0 0 0 0 0 0 0 0 0 0 0 0 0 
0.0726 0 0 0 0 0 0 0 0 0 0 0 0 0 0 0 0 0 
0.0504 0 0 0 0 0 0 0 0 0 0 0 0 0 0 0 0 0 
0.0318 0 0 0 0 0 0 0 0 0 0 0 0 0 0 0 0 0 
0.0188 0 0 0 0 0 0 0 0 0 0 0 0 0 0 0 0 0 
0.0089 0 0 0 0 0 0 0 0 0 0 0 0 0 0 0 0 0 
0.0029 0 0 0 0 0 0 0 0 0 0 0 0 0 0 0 0 0 
0.0009 0 0 0 0 0 0 0 0 0 0 0 0 0 0 0 0 0 
0.0003 0 0 0 0 0 0 0 0 0 0 0 0 0 0 0 0 0 
1 0.9987 0.9982 0.9922 0.9855 0.9792 0.9709 0.9591 0.9441 0.9286 0.9115 0.8852 0.8541 0.8137 0.7703 0.7138 0.6345 0.5036 
0.494 0 0 0 0 0 0 0 0 0 0 0 0 0 0 0 0 0 
0.3658 0 0 0 0 0 0 0 0 0 0 0 0 0 0 0 0 0 
0.29 0 0 0 0 0 0 0 0 0 0 0 0 0 0 0 0 0 
0.2335 0 0 0 0 0 0 0 0 0 0 0 0 0 0 0 0 0 
0.1941 0 0 0 0 0 0 0 0 0 0 0 0 0 0 0 0 0 
0.1541 0 0 0 0 0 0 0 0 0 0 0 0 0 0 0 0 0 
0.1208 0 0 0 0 0 0 0 0 0 0 0 0 0 0 0 0 0 
0.0941 0 0 0 0 0 0 0 0 0 0 0 0 0 0 0 0 0 
0.0704 0 0 0 0 0 0 0 0 0 0 0 0 0 0 0 0 0 
0.0517 0 0 0 0 0 0 0 0 0 0 0 0 0 0 0 0 0 
0.0367 0 0 0 0 0 0 0 0 0 0 0 0 0 0 0 0 0 
0.0248 0 0 0 0 0 0 0 0 0 0 0 0 0 0 0 0 0 
0.0158 0 0 0 0 0 0 0 0 0 0 0 0 0 0 0 0 0 
0.0079 0 0 0 0 0 0 0 0 0 0 0 0 0 0 0 0 0 
0.0025 0 0 0 0 0 0 0 0 0 0 0 0 0 0 0 0 0 
0.0005 0 0 0 0 0 0 0 0 0 0 0 0 0 0 0 0 0 
0.0001 0 0 0 0 0 0 0 0 0 0 0 0 0 0 0 0 0 
1 0.9976 0.995 0.983 0.9671 0.9444 0.9216 0.8835 0.8381 0.7896 0.7301 0.6588 0.5807 0.5041 0.4173 0.3248 0.2281 0.1349 
0.8362 0.3822 0.2036 0.1098 0.0619 0.0344 0.0177 0.0085 0.003 0.0009 0.0002 0 0 0 0 0 0 0 
0.6946 0.1505 0.0361 0.0082 0.0016 0.0002 0 0 0 0 0 0 0 0 0 0 0 0 
0.5789 0.0697 0.0083 0.0009 0 0 0 0 0 0 0 0 0 0 0 0 0 0 
0.4713 0.0325 0.0017 0 0 0 0 0 0 0 0 0 0 0 0 0 0 0 
0.3804 0.0124 0.0004 0.0001 0 0 0 0 0 0 0 0 0 0 0 0 0 0 
0.2933 0.0053 0 0 0 0 0 0 0 0 0 0 0 0 0 0 0 0 
0.2267 0.0021 0 0 0 0 0 0 0 0 0 0 0 0 0 0 0 0 
0.165 0.0004 0 0 0 0 0 0 0 0 0 0 0 0 0 0 0 0 
0.1172 0.0002 0 0 0 0 0 0 0 0 0 0 0 0 0 0 0 0 
0.0807 0 0 0 0 0 0 0 0 0 0 0 0 0 0 0 0 0 
0.052 0 0 0 0 0 0 0 0 0 0 0 0 0 0 0 0 0 
0.0293 0 0 0 0 0 0 0 0 0 0 0 0 0 0 0 0 0 
0.014 0 0 0 0 0 0 0 0 0 0 0 0 0 0 0 0 0 
0.0063 0 0 0 0 0 0 0 0 0 0 0 0 0 0 0 0 0 
0.0023 0 0 0 0 0 0 0 0 0 0 0 0 0 0 0 0 0 
0.0003 0 0 0 0 0 0 0 0 0 0 0 0 0 0 0 0 0 
0 0 0 0 0 0 0 0 0 0 0 0 0 0 0 0 0 0 
1 0.9979 0.9962 0.9877 0.9797 0.9667 0.9546 0.9366 0.9138 0.8842 0.8505 0.8128 0.7588 0.7035 0.6374 0.5493 0.4364 0.2923 
0.6938 0.0047 0.0009 0.0003 0.0002 0.0002 0 0 0 0 0 0 0 0 0 0 0 0 
0.5564 0.0004 0 0 0 0 0 0 0 0 0 0 0 0 0 0 0 0 
0.4546 0.0002 0 0 0 0 0 0 0 0 0 0 0 0 0 0 0 0 
0.3737 0.0001 0 0 0 0 0 0 0 0 0 0 0 0 0 0 0 0 
0.3064 0 0 0 0 0 0 0 0 0 0 0 0 0 0 0 0 0 
0.2515 0 0 0 0 0 0 0 0 0 0 0 0 0 0 0 0 0 
0.1995 0 0 0 0 0 0 0 0 0 0 0 0 0 0 0 0 0 
0.1547 0 0 0 0 0 0 0 0 0 0 0 0 0 0 0 0 0 
0.1207 0 0 0 0 0 0 0 0 0 0 0 0 0 0 0 0 0 
0.0862 0 0 0 0 0 0 0 0 0 0 0 0 0 0 0 0 0 
0.061 0 0 0 0 0 0 0 0 0 0 0 0 0 0 0 0 0 
0.037 0 0 0 0 0 0 0 0 0 0 0 0 0 0 0 0 0 
0.0229 0 0 0 0 0 0 0 0 0 0 0 0 0 0 0 0 0 
0.0106 0 0 0 0 0 0 0 0 0 0 0 0 0 0 0 0 0 
0.004 0 0 0 0 0 0 0 0 0 0 0 0 0 0 0 0 0 
0.0013 0 0 0 0 0 0 0 0 0 0 0 0 0 0 0 0 0 
0.0003 0 0 0 0 0 0 0 0 0 0 0 0 0 0 0 0 0 
1 0.9987 0.9966 0.9888 0.9785 0.9681 0.9551 0.9368 0.9114 0.8827 0.8548 0.8152 0.7637 0.6966 0.6242 0.5399 0.4293 0.2796 
0.7049 0.0018 0.0002 0 0 0 0 0 0 0 0 0 0 0 0 0 0 0 
0.5639 0.0003 0 0 0 0 0 0 0 0 0 0 0 0 0 0 0 0 
0.4589 0 0 0 0 0 0 0 0 0 0 0 0 0 0 0 0 0 
0.3832 0 0 0 0 0 0 0 0 0 0 0 0 0 0 0 0 0 
0.3143 0 0 0 0 0 0 0 0 0 0 0 0 0 0 0 0 0 
0.2525 0 0 0 0 0 0 0 0 0 0 0 0 0 0 0 0 0 
0.2057 0 0 0 0 0 0 0 0 0 0 0 0 0 0 0 0 0 
0.1573 0 0 0 0 0 0 0 0 0 0 0 0 0 0 0 0 0 
0.1178 0 0 0 0 0 0 0 0 0 0 0 0 0 0 0 0 0 
0.0867 0 0 0 0 0 0 0 0 0 0 0 0 0 0 0 0 0 
0.0583 0 0 0 0 0 0 0 0 0 0 0 0 0 0 0 0 0 
0.0381 0 0 0 0 0 0 0 0 0 0 0 0 0 0 0 0 0 
0.0195 0 0 0 0 0 0 0 0 0 0 0 0 0 0 0 0 0 
0.0108 0 0 0 0 0 0 0 0 0 0 0 0 0 0 0 0 0 
0.0045 0 0 0 0 0 0 0 0 0 0 0 0 0 0 0 0 0 
0.0013 0 0 0 0 0 0 0 0 0 0 0 0 0 0 0 0 0 
0 0 0 0 0 0 0 0 0 0 0 0 0 0 0 0 0 0 
1 0.9987 0.9975 0.9906 0.9851 0.9771 0.9669 0.9566 0.9385 0.9198 0.898 0.8662 0.8343 0.7904 0.7424 0.6769 0.5835 0.4391 
0.5544 0 0 0 0 0 0 0 0 0 0 0 0 0 0 0 0 0 
0.4151 0 0 0 0 0 0 0 0 0 0 0 0 0 0 0 0 0 
0.3322 0 0 0 0 0 0 0 0 0 0 0 0 0 0 0 0 0 
0.2672 0 0 0 0 0 0 0 0 0 0 0 0 0 0 0 0 0 
0.2185 0 0 0 0 0 0 0 0 0 0 0 0 0 0 0 0 0 
0.1742 0 0 0 0 0 0 0 0 0 0 0 0 0 0 0 0 0 
0.1368 0 0 0 0 0 0 0 0 0 0 0 0 0 0 0 0 0 
0.1065 0 0 0 0 0 0 0 0 0 0 0 0 0 0 0 0 0 
0.0807 0 0 0 0 0 0 0 0 0 0 0 0 0 0 0 0 0 
0.0586 0 0 0 0 0 0 0 0 0 0 0 0 0 0 0 0 0 
0.0412 0 0 0 0 0 0 0 0 0 0 0 0 0 0 0 0 0 
0.0256 0 0 0 0 0 0 0 0 0 0 0 0 0 0 0 0 0 
0.0148 0 0 0 0 0 0 0 0 0 0 0 0 0 0 0 0 0 
0.0084 0 0 0 0 0 0 0 0 0 0 0 0 0 0 0 0 0 
0.0033 0 0 0 0 0 0 0 0 0 0 0 0 0 0 0 0 0 
0.0007 0 0 0 0 0 0 0 0 0 0 0 0 0 0 0 0 0 
0.0002 0 0 0 0 0 0 0 0 0 0 0 0 0 0 0 0 0 
1 0.9989 0.9968 0.9888 0.9786 0.968 0.9545 0.9395 0.9165 0.8912 0.8567 0.8172 0.77 0.7065 0.6398 0.5529 0.4354 0.2867 
0.7015 0.0017 0.0001 0.0001 0 0 0 0 0 0 0 0 0 0 0 0 0 0 
0.5586 0.0002 0 0 0 0 0 0 0 0 0 0 0 0 0 0 0 0 
0.4529 0.0001 0 0 0 0 0 0 0 0 0 0 0 0 0 0 0 0 
0.3702 0.0001 0 0 0 0 0 0 0 0 0 0 0 0 0 0 0 0 
0.3042 0 0 0 0 0 0 0 0 0 0 0 0 0 0 0 0 0 
0.2468 0 0 0 0 0 0 0 0 0 0 0 0 0 0 0 0 0 
0.1937 0 0 0 0 0 0 0 0 0 0 0 0 0 0 0 0 0 
0.1503 0 0 0 0 0 0 0 0 0 0 0 0 0 0 0 0 0 
0.1142 0 0 0 0 0 0 0 0 0 0 0 0 0 0 0 0 0 
0.0815 0 0 0 0 0 0 0 0 0 0 0 0 0 0 0 0 0 
0.0548 0 0 0 0 0 0 0 0 0 0 0 0 0 0 0 0 0 
0.0346 0 0 0 0 0 0 0 0 0 0 0 0 0 0 0 0 0 
0.0214 0 0 0 0 0 0 0 0 0 0 0 0 0 0 0 0 0 
0.0103 0 0 0 0 0 0 0 0 0 0 0 0 0 0 0 0 0 
0.004 0 0 0 0 0 0 0 0 0 0 0 0 0 0 0 0 0 
0.0007 0 0 0 0 0 0 0 0 0 0 0 0 0 0 0 0 0 
0 0 0 0 0 0 0 0 0 0 0 0 0 0 0 0 0 0 
1 0.9988 0.9967 0.9922 0.9855 0.9757 0.9651 0.953 0.9357 0.9184 0.8954 0.8648 0.8303 0.7858 0.7371 0.672 0.5891 0.4457 
0.549 0 0 0 0 0 0 0 0 0 0 0 0 0 0 0 0 0 
0.4077 0 0 0 0 0 0 0 0 0 0 0 0 0 0 0 0 0 
0.3332 0 0 0 0 0 0 0 0 0 0 0 0 0 0 0 0 0 
0.2684 0 0 0 0 0 0 0 0 0 0 0 0 0 0 0 0 0 
0.2209 0 0 0 0 0 0 0 0 0 0 0 0 0 0 0 0 0 
0.1762 0 0 0 0 0 0 0 0 0 0 0 0 0 0 0 0 0 
0.1449 0 0 0 0 0 0 0 0 0 0 0 0 0 0 0 0 0 
0.1116 0 0 0 0 0 0 0 0 0 0 0 0 0 0 0 0 0 
0.0849 0 0 0 0 0 0 0 0 0 0 0 0 0 0 0 0 0 
0.0619 0 0 0 0 0 0 0 0 0 0 0 0 0 0 0 0 0 
0.0435 0 0 0 0 0 0 0 0 0 0 0 0 0 0 0 0 0 
0.0289 0 0 0 0 0 0 0 0 0 0 0 0 0 0 0 0 0 
0.0147 0 0 0 0 0 0 0 0 0 0 0 0 0 0 0 0 0 
0.0088 0 0 0 0 0 0 0 0 0 0 0 0 0 0 0 0 0 
0.0029 0 0 0 0 0 0 0 0 0 0 0 0 0 0 0 0 0 
0.0009 0 0 0 0 0 0 0 0 0 0 0 0 0 0 0 0 0 
0.0003 0 0 0 0 0 0 0 0 0 0 0 0 0 0 0 0 0 
1 0.9989 0.998 0.9904 0.9821 0.9766 0.9684 0.9533 0.9362 0.922 0.8998 0.8657 0.831 0.79 0.7372 0.6734 0.5832 0.4438 
0.5478 0 0 0 0 0 0 0 0 0 0 0 0 0 0 0 0 0 
0.4159 0 0 0 0 0 0 0 0 0 0 0 0 0 0 0 0 0 
0.3252 0 0 0 0 0 0 0 0 0 0 0 0 0 0 0 0 0 
0.2719 0 0 0 0 0 0 0 0 0 0 0 0 0 0 0 0 0 
0.2192 0 0 0 0 0 0 0 0 0 0 0 0 0 0 0 0 0 
0.1774 0 0 0 0 0 0 0 0 0 0 0 0 0 0 0 0 0 
0.1406 0 0 0 0 0 0 0 0 0 0 0 0 0 0 0 0 0 
0.1089 0 0 0 0 0 0 0 0 0 0 0 0 0 0 0 0 0 
0.0838 0 0 0 0 0 0 0 0 0 0 0 0 0 0 0 0 0 
0.0594 0 0 0 0 0 0 0 0 0 0 0 0 0 0 0 0 0 
0.043 0 0 0 0 0 0 0 0 0 0 0 0 0 0 0 0 0 
0.0277 0 0 0 0 0 0 0 0 0 0 0 0 0 0 0 0 0 
0.0162 0 0 0 0 0 0 0 0 0 0 0 0 0 0 0 0 0 
0.0079 0 0 0 0 0 0 0 0 0 0 0 0 0 0 0 0 0 
0.0039 0 0 0 0 0 0 0 0 0 0 0 0 0 0 0 0 0 
0.0012 0 0 0 0 0 0 0 0 0 0 0 0 0 0 0 0 0 
0 0 0 0 0 0 0 0 0 0 0 0 0 0 0 0 0 0 
1 0.9987 0.997 0.9936 0.989 0.9852 0.9738 0.9678 0.9615 0.9464 0.9268 0.9094 0.8913 0.86 0.8286 0.7791 0.718 0.6036 
0.3935 0 0 0 0 0 0 0 0 0 0 0 0 0 0 0 0 0 
0.2851 0 0 0 0 0 0 0 0 0 0 0 0 0 0 0 0 0 
0.2274 0 0 0 0 0 0 0 0 0 0 0 0 0 0 0 0 0 
0.1792 0 0 0 0 0 0 0 0 0 0 0 0 0 0 0 0 0 
0.1408 0 0 0 0 0 0 0 0 0 0 0 0 0 0 0 0 0 
0.114 0 0 0 0 0 0 0 0 0 0 0 0 0 0 0 0 0 
0.0949 0 0 0 0 0 0 0 0 0 0 0 0 0 0 0 0 0 
0.0746 0 0 0 0 0 0 0 0 0 0 0 0 0 0 0 0 0 
0.0565 0 0 0 0 0 0 0 0 0 0 0 0 0 0 0 0 0 
0.0403 0 0 0 0 0 0 0 0 0 0 0 0 0 0 0 0 0 
0.0271 0 0 0 0 0 0 0 0 0 0 0 0 0 0 0 0 0 
0.0178 0 0 0 0 0 0 0 0 0 0 0 0 0 0 0 0 0 
0.0097 0 0 0 0 0 0 0 0 0 0 0 0 0 0 0 0 0 
0.0055 0 0 0 0 0 0 0 0 0 0 0 0 0 0 0 0 0 
0.0031 0 0 0 0 0 0 0 0 0 0 0 0 0 0 0 0 0 
0.0007 0 0 0 0 0 0 0 0 0 0 0 0 0 0 0 0 0 
0 0 0 0 0 0 0 0 0 0 0 0 0 0 0 0 0 0 
1 0.995 0.9894 0.9662 0.8958 0.8512 0.7456 0.66 0.5332 0.4414 0.3368 0.2688 0.1986 0.1578 0.1054 0.0802 0.0494 0.0354 
0.9354 0.891 0.8144 0.6876 0.4388 0.3 0.1564 0.0908 0.0262 0.0114 0.0054 0.0024 0.001 0.0002 0.0002 0 0.0002 0 
0.7584 0.612 0.3476 0.15 0.0182 0.0066 0.0012 0.0006 0 0 0 0 0 0 0 0 0 0 
0.6022 0.3778 0.1306 0.0344 0.0018 0.001 0.0002 0 0 0 0 0 0 0 0 0 0 0 
0.4148 0.168 0.027 0.005 0.0004 0.0002 0 0 0 0 0 0 0 0 0 0 0 0 
0.2642 0.0638 0.0062 0.001 0 0 0 0 0 0 0 0 0 0 0 0 0 0 
0.1496 0.0188 0.002 0.0002 0 0 0 0 0 0 0 0 0 0 0 0 0 0 
0.0794 0.006 0.0004 0.0002 0 0 0 0 0 0 0 0 0 0 0 0 0 0 
0.0396 0.0018 0.0002 0 0 0 0 0 0 0 0 0 0 0 0 0 0 0 
0.02 0 0.0002 0 0 0 0 0 0 0 0 0 0 0 0 0 0 0 
0.0094 0 0 0 0 0 0 0 0 0 0 0 0 0 0 0 0 0 
0.0044 0 0 0 0 0 0 0 0 0 0 0 0 0 0 0 0 0 
0.0018 0 0 0 0 0 0 0 0 0 0 0 0 0 0 0 0 0 
0.0008 0 0 0 0 0 0 0 0 0 0 0 0 0 0 0 0 0 
0.0004 0 0 0 0 0 0 0 0 0 0 0 0 0 0 0 0 0 
0 0 0 0 0 0 0 0 0 0 0 0 0 0 0 0 0 0 
0 0 0 0 0 0 0 0 0 0 0 0 0 0 0 0 0 0 
0 0 0 0 0 0 0 0 0 0 0 0 0 0 0 0 0 0 
1 0.9962 0.99 0.9652 0.9202 0.8372 0.736 0.6214 0.4942 0.401 0.3076 0.2428 0.1874 0.145 0.1084 0.0748 0.0464 0.0254 
0.9352 0.8636 0.7402 0.5584 0.3562 0.1928 0.0936 0.0336 0.011 0.0032 0.0004 0.0002 0 0.0002 0 0 0 0 
0.8296 0.6452 0.4084 0.1558 0.0382 0.0044 0.0008 0.0002 0 0 0 0 0 0 0 0 0 0 
0.6936 0.4106 0.1724 0.027 0.0008 0 0 0 0 0 0 0 0 0 0 0 0 0 
0.5278 0.2078 0.0412 0.0026 0.0002 0 0 0 0 0 0 0 0 0 0 0 0 0 
0.3666 0.0818 0.0062 0.0002 0 0 0 0 0 0 0 0 0 0 0 0 0 0 
0.2156 0.0206 0.001 0 0 0 0 0 0 0 0 0 0 0 0 0 0 0 
0.1238 0.0042 0.0002 0 0 0 0 0 0 0 0 0 0 0 0 0 0 0 
0.0636 0.001 0 0 0 0 0 0 0 0 0 0 0 0 0 0 0 0 
0.0318 0 0 0 0 0 0 0 0 0 0 0 0 0 0 0 0 0 
0.0152 0 0 0 0 0 0 0 0 0 0 0 0 0 0 0 0 0 
0.0082 0 0 0 0 0 0 0 0 0 0 0 0 0 0 0 0 0 
0.0036 0 0 0 0 0 0 0 0 0 0 0 0 0 0 0 0 0 
0.001 0 0 0 0 0 0 0 0 0 0 0 0 0 0 0 0 0 
0.0006 0 0 0 0 0 0 0 0 0 0 0 0 0 0 0 0 0 
0.0004 0 0 0 0 0 0 0 0 0 0 0 0 0 0 0 0 0 
0 0 0 0 0 0 0 0 0 0 0 0 0 0 0 0 0 0 
0 0 0 0 0 0 0 0 0 0 0 0 0 0 0 0 0 0 
1 0.9982 0.992 0.9642 0.9164 0.8634 0.782 0.7006 0.6108 0.5238 0.434 0.3598 0.285 0.234 0.1796 0.1338 0.0928 0.0632 
0.9052 0.8194 0.6992 0.5246 0.335 0.2066 0.111 0.054 0.0176 0.0054 0.0026 0.0004 0.0004 0 0 0 0 0 
0.7362 0.5356 0.3058 0.1054 0.0194 0.004 0.0002 0 0 0 0 0 0 0 0 0 0 0 
0.5826 0.3258 0.1214 0.0154 0.0012 0 0 0 0 0 0 0 0 0 0 0 0 0 
0.4292 0.1618 0.0344 0.0024 0 0 0 0 0 0 0 0 0 0 0 0 0 0 
0.2934 0.0704 0.0062 0 0 0 0 0 0 0 0 0 0 0 0 0 0 0 
0.1784 0.018 0.0002 0 0 0 0 0 0 0 0 0 0 0 0 0 0 0 
0.1124 0.0054 0 0 0 0 0 0 0 0 0 0 0 0 0 0 0 0 
0.061 0.0012 0 0 0 0 0 0 0 0 0 0 0 0 0 0 0 0 
0.0306 0 0 0 0 0 0 0 0 0 0 0 0 0 0 0 0 0 
0.0164 0 0 0 0 0 0 0 0 0 0 0 0 0 0 0 0 0 
0.0076 0 0 0 0 0 0 0 0 0 0 0 0 0 0 0 0 0 
0.0022 0 0 0 0 0 0 0 0 0 0 0 0 0 0 0 0 0 
0.0006 0 0 0 0 0 0 0 0 0 0 0 0 0 0 0 0 0 
0.0002 0 0 0 0 0 0 0 0 0 0 0 0 0 0 0 0 0 
0 0 0 0 0 0 0 0 0 0 0 0 0 0 0 0 0 0 
0 0 0 0 0 0 0 0 0 0 0 0 0 0 0 0 0 0 
0 0 0 0 0 0 0 0 0 0 0 0 0 0 0 0 0 0 
1 0.997 0.9936 0.9838 0.963 0.9418 0.9034 0.8718 0.8288 0.7722 0.725 0.6734 0.6176 0.57 0.51 0.4458 0.3732 0.288 
0.6826 0.4396 0.311 0.2062 0.1258 0.0784 0.042 0.0192 0.005 0.0016 0.0008 0.0006 0 0 0 0 0 0 
0.5208 0.2318 0.0998 0.0288 0.0072 0.0008 0 0 0 0 0 0 0 0 0 0 0 0 
0.4094 0.122 0.0328 0.0036 0.0006 0 0 0 0 0 0 0 0 0 0 0 0 0 
0.3132 0.0598 0.009 0.0004 0 0 0 0 0 0 0 0 0 0 0 0 0 0 
0.2318 0.024 0.001 0 0 0 0 0 0 0 0 0 0 0 0 0 0 0 
0.1722 0.008 0.0002 0 0 0 0 0 0 0 0 0 0 0 0 0 0 0 
0.124 0.0028 0 0 0 0 0 0 0 0 0 0 0 0 0 0 0 0 
0.0836 0.0002 0 0 0 0 0 0 0 0 0 0 0 0 0 0 0 0 
0.0592 0 0 0 0 0 0 0 0 0 0 0 0 0 0 0 0 0 
0.0376 0 0 0 0 0 0 0 0 0 0 0 0 0 0 0 0 0 
0.0222 0 0 0 0 0 0 0 0 0 0 0 0 0 0 0 0 0 
0.0118 0 0 0 0 0 0 0 0 0 0 0 0 0 0 0 0 0 
0.0064 0 0 0 0 0 0 0 0 0 0 0 0 0 0 0 0 0 
0.003 0 0 0 0 0 0 0 0 0 0 0 0 0 0 0 0 0 
0.0006 0 0 0 0 0 0 0 0 0 0 0 0 0 0 0 0 0 
0.0002 0 0 0 0 0 0 0 0 0 0 0 0 0 0 0 0 0 
0 0 0 0 0 0 0 0 0 0 0 0 0 0 0 0 0 0 
1 0.9964 0.9916 0.9722 0.9316 0.8878 0.8236 0.7576 0.6782 0.5946 0.5022 0.429 0.361 0.2978 0.2408 0.1902 0.1386 0.0966 
0.864 0.7672 0.6238 0.475 0.3036 0.1858 0.0996 0.0494 0.0152 0.0044 0.0024 0.001 0.0002 0 0 0 0 0 
0.6836 0.454 0.2404 0.0816 0.0146 0.0034 0.0004 0 0 0 0 0 0 0 0 0 0 0 
0.5348 0.2666 0.0886 0.0114 0.001 0.0004 0.0002 0 0 0 0 0 0 0 0 0 0 0 
0.3934 0.1232 0.022 0.0008 0 0 0 0 0 0 0 0 0 0 0 0 0 0 
0.2794 0.054 0.0044 0 0 0 0 0 0 0 0 0 0 0 0 0 0 0 
0.1796 0.0162 0.0006 0 0 0 0 0 0 0 0 0 0 0 0 0 0 0 
0.1112 0.0052 0 0 0 0 0 0 0 0 0 0 0 0 0 0 0 0 
0.0706 0.0016 0.0002 0 0 0 0 0 0 0 0 0 0 0 0 0 0 0 
0.0382 0 0 0 0 0 0 0 0 0 0 0 0 0 0 0 0 0 
0.02 0.0002 0 0 0 0 0 0 0 0 0 0 0 0 0 0 0 0 
0.0102 0 0 0 0 0 0 0 0 0 0 0 0 0 0 0 0 0 
0.0046 0 0 0 0 0 0 0 0 0 0 0 0 0 0 0 0 0 
0.0014 0 0 0 0 0 0 0 0 0 0 0 0 0 0 0 0 0 
0.0004 0 0 0 0 0 0 0 0 0 0 0 0 0 0 0 0 0 
0.0002 0 0 0 0 0 0 0 0 0 0 0 0 0 0 0 0 0 
0 0 0 0 0 0 0 0 0 0 0 0 0 0 0 0 0 0 
0 0 0 0 0 0 0 0 0 0 0 0 0 0 0 0 0 0 
1 0.999 0.997 0.991 0.9752 0.9602 0.9422 0.9176 0.8894 0.8544 0.827 0.7894 0.742 0.6894 0.6314 0.5564 0.4668 0.3512 
0.631 0.2364 0.138 0.0808 0.05 0.0278 0.0108 0.007 0.003 0.0006 0 0 0 0 0 0 0 0 
0.4746 0.1018 0.0364 0.009 0.0024 0 0 0 0 0 0 0 0 0 0 0 0 0 
0.3772 0.0558 0.0116 0.0012 0.0002 0 0 0 0 0 0 0 0 0 0 0 0 0 
0.299 0.0276 0.0032 0 0 0 0 0 0 0 0 0 0 0 0 0 0 0 
0.23 0.012 0.0006 0 0 0 0 0 0 0 0 0 0 0 0 0 0 0 
0.174 0.004 0.0002 0 0 0 0 0 0 0 0 0 0 0 0 0 0 0 
0.1294 0.0012 0 0 0 0 0 0 0 0 0 0 0 0 0 0 0 0 
0.0966 0.0004 0 0 0 0 0 0 0 0 0 0 0 0 0 0 0 0 
0.0676 0 0 0 0 0 0 0 0 0 0 0 0 0 0 0 0 0 
0.0494 0 0 0 0 0 0 0 0 0 0 0 0 0 0 0 0 0 
0.0328 0 0 0 0 0 0 0 0 0 0 0 0 0 0 0 0 0 
0.02 0 0 0 0 0 0 0 0 0 0 0 0 0 0 0 0 0 
0.0102 0 0 0 0 0 0 0 0 0 0 0 0 0 0 0 0 0 
0.0044 0 0 0 0 0 0 0 0 0 0 0 0 0 0 0 0 0 
0.0014 0 0 0 0 0 0 0 0 0 0 0 0 0 0 0 0 0 
0.0006 0 0 0 0 0 0 0 0 0 0 0 0 0 0 0 0 0 
0.0002 0 0 0 0 0 0 0 0 0 0 0 0 0 0 0 0 0 
1 0.999 0.9974 0.9912 0.9806 0.9654 0.9482 0.9348 0.9088 0.881 0.8492 0.8118 0.7632 0.6984 0.6418 0.5618 0.4634 0.3352 
0.6482 0.1712 0.0872 0.0448 0.0244 0.0142 0.0074 0.0044 0.0008 0 0 0 0 0 0 0 0 0 
0.5 0.0586 0.0156 0.0042 0.0004 0 0 0 0 0 0 0 0 0 0 0 0 0 
0.3956 0.0258 0.0048 0.0006 0 0 0 0 0 0 0 0 0 0 0 0 0 0 
0.3146 0.0138 0.0014 0 0 0 0 0 0 0 0 0 0 0 0 0 0 0 
0.2512 0.006 0 0 0 0 0 0 0 0 0 0 0 0 0 0 0 0 
0.1942 0.0014 0 0 0 0 0 0 0 0 0 0 0 0 0 0 0 0 
0.1476 0.0004 0 0 0 0 0 0 0 0 0 0 0 0 0 0 0 0 
0.1122 0.0002 0 0 0 0 0 0 0 0 0 0 0 0 0 0 0 0 
0.0798 0 0 0 0 0 0 0 0 0 0 0 0 0 0 0 0 0 
0.0572 0 0 0 0 0 0 0 0 0 0 0 0 0 0 0 0 0 
0.0372 0 0 0 0 0 0 0 0 0 0 0 0 0 0 0 0 0 
0.0224 0 0 0 0 0 0 0 0 0 0 0 0 0 0 0 0 0 
0.0124 0 0 0 0 0 0 0 0 0 0 0 0 0 0 0 0 0 
0.0058 0 0 0 0 0 0 0 0 0 0 0 0 0 0 0 0 0 
0.0026 0 0 0 0 0 0 0 0 0 0 0 0 0 0 0 0 0 
0.0002 0 0 0 0 0 0 0 0 0 0 0 0 0 0 0 0 0 
0 0 0 0 0 0 0 0 0 0 0 0 0 0 0 0 0 0 
1 0.9988 0.9978 0.9924 0.9858 0.9794 0.9702 0.9592 0.9494 0.936 0.9126 0.8906 0.8614 0.8292 0.7842 0.729 0.6458 0.5138 
0.4822 0.0004 0 0 0 0 0 0 0 0 0 0 0 0 0 0 0 0 
0.354 0 0 0 0 0 0 0 0 0 0 0 0 0 0 0 0 0 
0.2736 0 0 0 0 0 0 0 0 0 0 0 0 0 0 0 0 0 
0.2234 0 0 0 0 0 0 0 0 0 0 0 0 0 0 0 0 0 
0.1776 0 0 0 0 0 0 0 0 0 0 0 0 0 0 0 0 0 
0.1408 0 0 0 0 0 0 0 0 0 0 0 0 0 0 0 0 0 
0.118 0 0 0 0 0 0 0 0 0 0 0 0 0 0 0 0 0 
0.0888 0 0 0 0 0 0 0 0 0 0 0 0 0 0 0 0 0 
0.0682 0 0 0 0 0 0 0 0 0 0 0 0 0 0 0 0 0 
0.0498 0 0 0 0 0 0 0 0 0 0 0 0 0 0 0 0 0 
0.0364 0 0 0 0 0 0 0 0 0 0 0 0 0 0 0 0 0 
0.0214 0 0 0 0 0 0 0 0 0 0 0 0 0 0 0 0 0 
0.0152 0 0 0 0 0 0 0 0 0 0 0 0 0 0 0 0 0 
0.0084 0 0 0 0 0 0 0 0 0 0 0 0 0 0 0 0 0 
0.0048 0 0 0 0 0 0 0 0 0 0 0 0 0 0 0 0 0 
0.0012 0 0 0 0 0 0 0 0 0 0 0 0 0 0 0 0 0 
0.0002 0 0 0 0 0 0 0 0 0 0 0 0 0 0 0 0 0 
1 0.9982 0.992 0.971 0.941 0.9076 0.8574 0.8048 0.7196 0.6564 0.5906 0.4992 0.4264 0.3504 0.2838 0.224 0.1626 0.1136 
0.8546 0.6828 0.51 0.3524 0.217 0.1336 0.0712 0.03 0.0088 0.0044 0.0008 0.0004 0 0 0 0 0 0 
0.6982 0.3774 0.1568 0.047 0.0074 0.0012 0 0 0 0 0 0 0 0 0 0 0 0 
0.5546 0.2146 0.0566 0.0098 0.0004 0.0002 0 0 0 0 0 0 0 0 0 0 0 0 
0.4222 0.0986 0.013 0.0012 0 0 0 0 0 0 0 0 0 0 0 0 0 0 
0.315 0.0408 0.002 0.0002 0 0 0 0 0 0 0 0 0 0 0 0 0 0 
0.2204 0.0144 0.0004 0 0 0 0 0 0 0 0 0 0 0 0 0 0 0 
0.1534 0.0048 0.0002 0 0 0 0 0 0 0 0 0 0 0 0 0 0 0 
0.098 0.0006 0 0 0 0 0 0 0 0 0 0 0 0 0 0 0 0 
0.059 0.0002 0 0 0 0 0 0 0 0 0 0 0 0 0 0 0 0 
0.0348 0 0 0 0 0 0 0 0 0 0 0 0 0 0 0 0 0 
0.0176 0 0 0 0 0 0 0 0 0 0 0 0 0 0 0 0 0 
0.008 0 0 0 0 0 0 0 0 0 0 0 0 0 0 0 0 0 
0.004 0 0 0 0 0 0 0 0 0 0 0 0 0 0 0 0 0 
0.0022 0 0 0 0 0 0 0 0 0 0 0 0 0 0 0 0 0 
0.0002 0 0 0 0 0 0 0 0 0 0 0 0 0 0 0 0 0 
0 0 0 0 0 0 0 0 0 0 0 0 0 0 0 0 0 0 
0 0 0 0 0 0 0 0 0 0 0 0 0 0 0 0 0 0 
1 0.9978 0.997 0.9884 0.9808 0.9666 0.9556 0.936 0.9126 0.8886 0.8542 0.8222 0.7656 0.7148 0.6496 0.567 0.4644 0.3228 
0.6698 0.0752 0.0314 0.0144 0.0058 0.0034 0.0016 0.0004 0.0004 0.0002 0 0 0 0 0 0 0 0 
0.5114 0.0184 0.004 0.0006 0 0 0 0 0 0 0 0 0 0 0 0 0 0 
0.4152 0.01 0.001 0 0 0 0 0 0 0 0 0 0 0 0 0 0 0 
0.3404 0.0058 0.0006 0 0 0 0 0 0 0 0 0 0 0 0 0 0 0 
0.2784 0.0026 0 0 0 0 0 0 0 0 0 0 0 0 0 0 0 0 
0.2268 0.001 0 0 0 0 0 0 0 0 0 0 0 0 0 0 0 0 
0.1754 0.0002 0 0 0 0 0 0 0 0 0 0 0 0 0 0 0 0 
0.1336 0 0 0 0 0 0 0 0 0 0 0 0 0 0 0 0 0 
0.1044 0 0 0 0 0 0 0 0 0 0 0 0 0 0 0 0 0 
0.0752 0 0 0 0 0 0 0 0 0 0 0 0 0 0 0 0 0 
0.0484 0 0 0 0 0 0 0 0 0 0 0 0 0 0 0 0 0 
0.0288 0 0 0 0 0 0 0 0 0 0 0 0 0 0 0 0 0 
0.018 0 0 0 0 0 0 0 0 0 0 0 0 0 0 0 0 0 
0.0092 0 0 0 0 0 0 0 0 0 0 0 0 0 0 0 0 0 
0.003 0 0 0 0 0 0 0 0 0 0 0 0 0 0 0 0 0 
0.0006 0 0 0 0 0 0 0 0 0 0 0 0 0 0 0 0 0 
0.0004 0 0 0 0 0 0 0 0 0 0 0 0 0 0 0 0 0 
1 0.9988 0.9976 0.991 0.9796 0.969 0.953 0.9402 0.9108 0.8818 0.8476 0.8126 0.7594 0.7016 0.629 0.5424 0.4382 0.2968 
0.6892 0.0506 0.018 0.0074 0.0042 0.0022 0.0012 0.0006 0.0002 0.0002 0 0 0 0 0 0 0 0 
0.5378 0.0118 0.0012 0 0 0 0 0 0 0 0 0 0 0 0 0 0 0 
0.4514 0.0056 0.0002 0 0 0 0 0 0 0 0 0 0 0 0 0 0 0 
0.3734 0.0024 0 0 0 0 0 0 0 0 0 0 0 0 0 0 0 0 
0.3028 0.0008 0 0 0 0 0 0 0 0 0 0 0 0 0 0 0 0 
0.245 0.0006 0 0 0 0 0 0 0 0 0 0 0 0 0 0 0 0 
0.1902 0.0002 0 0 0 0 0 0 0 0 0 0 0 0 0 0 0 0 
0.147 0 0 0 0 0 0 0 0 0 0 0 0 0 0 0 0 0 
0.1106 0 0 0 0 0 0 0 0 0 0 0 0 0 0 0 0 0 
0.0762 0 0 0 0 0 0 0 0 0 0 0 0 0 0 0 0 0 
0.056 0 0 0 0 0 0 0 0 0 0 0 0 0 0 0 0 0 
0.0348 0 0 0 0 0 0 0 0 0 0 0 0 0 0 0 0 0 
0.0182 0 0 0 0 0 0 0 0 0 0 0 0 0 0 0 0 0 
0.0076 0 0 0 0 0 0 0 0 0 0 0 0 0 0 0 0 0 
0.003 0 0 0 0 0 0 0 0 0 0 0 0 0 0 0 0 0 
0 0 0 0 0 0 0 0 0 0 0 0 0 0 0 0 0 0 
0 0 0 0 0 0 0 0 0 0 0 0 0 0 0 0 0 0 
1 0.9986 0.997 0.9924 0.9838 0.9734 0.9618 0.951 0.9372 0.917 0.8924 0.8604 0.8254 0.7872 0.7304 0.6624 0.5728 0.4366 
0.5546 0.0002 0 0 0 0 0 0 0 0 0 0 0 0 0 0 0 0 
0.4244 0 0 0 0 0 0 0 0 0 0 0 0 0 0 0 0 0 
0.3364 0 0 0 0 0 0 0 0 0 0 0 0 0 0 0 0 0 
0.2774 0 0 0 0 0 0 0 0 0 0 0 0 0 0 0 0 0 
0.2258 0 0 0 0 0 0 0 0 0 0 0 0 0 0 0 0 0 
0.1824 0 0 0 0 0 0 0 0 0 0 0 0 0 0 0 0 0 
0.1488 0 0 0 0 0 0 0 0 0 0 0 0 0 0 0 0 0 
0.1098 0 0 0 0 0 0 0 0 0 0 0 0 0 0 0 0 0 
0.0866 0 0 0 0 0 0 0 0 0 0 0 0 0 0 0 0 0 
0.0654 0 0 0 0 0 0 0 0 0 0 0 0 0 0 0 0 0 
0.0464 0 0 0 0 0 0 0 0 0 0 0 0 0 0 0 0 0 
0.0304 0 0 0 0 0 0 0 0 0 0 0 0 0 0 0 0 0 
0.0192 0 0 0 0 0 0 0 0 0 0 0 0 0 0 0 0 0 
0.0088 0 0 0 0 0 0 0 0 0 0 0 0 0 0 0 0 0 
0.0032 0 0 0 0 0 0 0 0 0 0 0 0 0 0 0 0 0 
0.0004 0 0 0 0 0 0 0 0 0 0 0 0 0 0 0 0 0 
0 0 0 0 0 0 0 0 0 0 0 0 0 0 0 0 0 0 
1 0.9984 0.9974 0.987 0.9746 0.9632 0.9514 0.9308 0.9136 0.8844 0.8504 0.8106 0.7508 0.6948 0.6146 0.5234 0.4192 0.2696 
0.7114 0.027 0.0096 0.003 0.0022 0.0006 0 0.0002 0 0 0 0 0 0 0 0 0 0 
0.5692 0.0046 0.0002 0 0 0 0 0 0 0 0 0 0 0 0 0 0 0 
0.4662 0.0012 0 0 0 0 0 0 0 0 0 0 0 0 0 0 0 0 
0.3918 0.0006 0 0 0 0 0 0 0 0 0 0 0 0 0 0 0 0 
0.3168 0 0 0 0 0 0 0 0 0 0 0 0 0 0 0 0 0 
0.2556 0 0 0 0 0 0 0 0 0 0 0 0 0 0 0 0 0 
0.2004 0 0 0 0 0 0 0 0 0 0 0 0 0 0 0 0 0 
0.1602 0 0 0 0 0 0 0 0 0 0 0 0 0 0 0 0 0 
0.1224 0 0 0 0 0 0 0 0 0 0 0 0 0 0 0 0 0 
0.0872 0 0 0 0 0 0 0 0 0 0 0 0 0 0 0 0 0 
0.0576 0 0 0 0 0 0 0 0 0 0 0 0 0 0 0 0 0 
0.039 0 0 0 0 0 0 0 0 0 0 0 0 0 0 0 0 0 
0.0228 0 0 0 0 0 0 0 0 0 0 0 0 0 0 0 0 0 
0.01 0 0 0 0 0 0 0 0 0 0 0 0 0 0 0 0 0 
0.0046 0 0 0 0 0 0 0 0 0 0 0 0 0 0 0 0 0 
0.0014 0 0 0 0 0 0 0 0 0 0 0 0 0 0 0 0 0 
0 0 0 0 0 0 0 0 0 0 0 0 0 0 0 0 0 0 
1 0.998 0.9954 0.9902 0.9856 0.974 0.9608 0.952 0.9368 0.9108 0.89 0.8572 0.8184 0.7792 0.72 0.6532 0.5634 0.4206 
0.5726 0 0 0 0 0 0 0 0 0 0 0 0 0 0 0 0 0 
0.4428 0 0 0 0 0 0 0 0 0 0 0 0 0 0 0 0 0 
0.3508 0 0 0 0 0 0 0 0 0 0 0 0 0 0 0 0 0 
0.284 0 0 0 0 0 0 0 0 0 0 0 0 0 0 0 0 0 
0.2284 0 0 0 0 0 0 0 0 0 0 0 0 0 0 0 0 0 
0.185 0 0 0 0 0 0 0 0 0 0 0 0 0 0 0 0 0 
0.1486 0 0 0 0 0 0 0 0 0 0 0 0 0 0 0 0 0 
0.1184 0 0 0 0 0 0 0 0 0 0 0 0 0 0 0 0 0 
0.0886 0 0 0 0 0 0 0 0 0 0 0 0 0 0 0 0 0 
0.065 0 0 0 0 0 0 0 0 0 0 0 0 0 0 0 0 0 
0.0448 0 0 0 0 0 0 0 0 0 0 0 0 0 0 0 0 0 
0.0312 0 0 0 0 0 0 0 0 0 0 0 0 0 0 0 0 0 
0.0192 0 0 0 0 0 0 0 0 0 0 0 0 0 0 0 0 0 
0.01 0 0 0 0 0 0 0 0 0 0 0 0 0 0 0 0 0 
0.0038 0 0 0 0 0 0 0 0 0 0 0 0 0 0 0 0 0 
0.001 0 0 0 0 0 0 0 0 0 0 0 0 0 0 0 0 0 
0.0002 0 0 0 0 0 0 0 0 0 0 0 0 0 0 0 0 0 
1 0.998 0.9962 0.9898 0.9822 0.9784 0.9618 0.9514 0.9374 0.9126 0.8904 0.8576 0.819 0.7776 0.7214 0.6552 0.5608 0.415 
0.5758 0 0 0 0 0 0 0 0 0 0 0 0 0 0 0 0 0 
0.4412 0 0 0 0 0 0 0 0 0 0 0 0 0 0 0 0 0 
0.353 0 0 0 0 0 0 0 0 0 0 0 0 0 0 0 0 0 
0.28 0 0 0 0 0 0 0 0 0 0 0 0 0 0 0 0 0 
0.2294 0 0 0 0 0 0 0 0 0 0 0 0 0 0 0 0 0 
0.1884 0 0 0 0 0 0 0 0 0 0 0 0 0 0 0 0 0 
0.1514 0 0 0 0 0 0 0 0 0 0 0 0 0 0 0 0 0 
0.1148 0 0 0 0 0 0 0 0 0 0 0 0 0 0 0 0 0 
0.0898 0 0 0 0 0 0 0 0 0 0 0 0 0 0 0 0 0 
0.0644 0 0 0 0 0 0 0 0 0 0 0 0 0 0 0 0 0 
0.044 0 0 0 0 0 0 0 0 0 0 0 0 0 0 0 0 0 
0.0302 0 0 0 0 0 0 0 0 0 0 0 0 0 0 0 0 0 
0.0178 0 0 0 0 0 0 0 0 0 0 0 0 0 0 0 0 0 
0.0094 0 0 0 0 0 0 0 0 0 0 0 0 0 0 0 0 0 
0.0036 0 0 0 0 0 0 0 0 0 0 0 0 0 0 0 0 0 
0.0018 0 0 0 0 0 0 0 0 0 0 0 0 0 0 0 0 0 
0.0002 0 0 0 0 0 0 0 0 0 0 0 0 0 0 0 0 0 
1 0.9986 0.9988 0.9942 0.9884 0.9864 0.9732 0.9666 0.9568 0.945 0.9238 0.9034 0.879 0.8424 0.803 0.7618 0.6952 0.5736 
0.4294 0 0 0 0 0 0 0 0 0 0 0 0 0 0 0 0 0 
0.3044 0 0 0 0 0 0 0 0 0 0 0 0 0 0 0 0 0 
0.2478 0 0 0 0 0 0 0 0 0 0 0 0 0 0 0 0 0 
0.1964 0 0 0 0 0 0 0 0 0 0 0 0 0 0 0 0 0 
0.161 0 0 0 0 0 0 0 0 0 0 0 0 0 0 0 0 0 
0.13 0 0 0 0 0 0 0 0 0 0 0 0 0 0 0 0 0 
0.098 0 0 0 0 0 0 0 0 0 0 0 0 0 0 0 0 0 
0.0768 0 0 0 0 0 0 0 0 0 0 0 0 0 0 0 0 0 
0.0552 0 0 0 0 0 0 0 0 0 0 0 0 0 0 0 0 0 
0.0418 0 0 0 0 0 0 0 0 0 0 0 0 0 0 0 0 0 
0.0298 0 0 0 0 0 0 0 0 0 0 0 0 0 0 0 0 0 
0.0176 0 0 0 0 0 0 0 0 0 0 0 0 0 0 0 0 0 
0.012 0 0 0 0 0 0 0 0 0 0 0 0 0 0 0 0 0 
0.0062 0 0 0 0 0 0 0 0 0 0 0 0 0 0 0 0 0 
0.0026 0 0 0 0 0 0 0 0 0 0 0 0 0 0 0 0 0 
0.0006 0 0 0 0 0 0 0 0 0 0 0 0 0 0 0 0 0 
0.0002 0 0 0 0 0 0 0 0 0 0 0 0 0 0 0 0 0 
1 0.9954 0.994 0.9804 0.9566 0.929 0.8844 0.8374 0.7792 0.7112 0.6336 0.556 0.4744 0.3928 0.3062 0.235 0.1534 0.0912 
0.8706 0.5732 0.3704 0.2228 0.1262 0.0754 0.0404 0.0216 0.0072 0.0018 0.0008 0.0002 0 0 0 0 0 0 
0.7352 0.277 0.089 0.0234 0.0032 0.0002 0 0 0 0 0 0 0 0 0 0 0 0 
0.609 0.143 0.0242 0.0034 0.0004 0 0 0 0 0 0 0 0 0 0 0 0 0 
0.4918 0.0642 0.0048 0.0002 0 0 0 0 0 0 0 0 0 0 0 0 0 0 
0.3862 0.0226 0.0006 0 0 0 0 0 0 0 0 0 0 0 0 0 0 0 
0.29 0.009 0 0 0 0 0 0 0 0 0 0 0 0 0 0 0 0 
0.2206 0.0026 0 0 0 0 0 0 0 0 0 0 0 0 0 0 0 0 
0.1474 0.0002 0 0 0 0 0 0 0 0 0 0 0 0 0 0 0 0 
0.1018 0.0002 0 0 0 0 0 0 0 0 0 0 0 0 0 0 0 0 
0.0626 0 0 0 0 0 0 0 0 0 0 0 0 0 0 0 0 0 
0.036 0.0002 0 0 0 0 0 0 0 0 0 0 0 0 0 0 0 0 
0.0178 0 0 0 0 0 0 0 0 0 0 0 0 0 0 0 0 0 
0.0074 0 0 0 0 0 0 0 0 0 0 0 0 0 0 0 0 0 
0.0028 0 0 0 0 0 0 0 0 0 0 0 0 0 0 0 0 0 
0.0016 0 0 0 0 0 0 0 0 0 0 0 0 0 0 0 0 0 
0.0004 0 0 0 0 0 0 0 0 0 0 0 0 0 0 0 0 0 
0.0002 0 0 0 0 0 0 0 0 0 0 0 0 0 0 0 0 0 
1 0.9982 0.9962 0.9874 0.9786 0.9698 0.9516 0.931 0.9052 0.882 0.838 0.7962 0.7362 0.6772 0.6034 0.5072 0.3846 0.2434 
0.7368 0.0204 0.005 0.0028 0.0014 0 0 0 0 0 0 0 0 0 0 0 0 0 
0.5986 0.004 0.0004 0 0 0 0 0 0 0 0 0 0 0 0 0 0 0 
0.504 0.0014 0.0002 0 0 0 0 0 0 0 0 0 0 0 0 0 0 0 
0.4068 0.0004 0 0 0 0 0 0 0 0 0 0 0 0 0 0 0 0 
0.3326 0.0002 0 0 0 0 0 0 0 0 0 0 0 0 0 0 0 0 
0.2734 0 0 0 0 0 0 0 0 0 0 0 0 0 0 0 0 0 
0.2128 0 0 0 0 0 0 0 0 0 0 0 0 0 0 0 0 0 
0.168 0 0 0 0 0 0 0 0 0 0 0 0 0 0 0 0 0 
0.1162 0 0 0 0 0 0 0 0 0 0 0 0 0 0 0 0 0 
0.0904 0 0 0 0 0 0 0 0 0 0 0 0 0 0 0 0 0 
0.061 0 0 0 0 0 0 0 0 0 0 0 0 0 0 0 0 0 
0.0398 0 0 0 0 0 0 0 0 0 0 0 0 0 0 0 0 0 
0.0224 0 0 0 0 0 0 0 0 0 0 0 0 0 0 0 0 0 
0.0102 0 0 0 0 0 0 0 0 0 0 0 0 0 0 0 0 0 
0.0036 0 0 0 0 0 0 0 0 0 0 0 0 0 0 0 0 0 
0.001 0 0 0 0 0 0 0 0 0 0 0 0 0 0 0 0 0 
0 0 0 0 0 0 0 0 0 0 0 0 0 0 0 0 0 0 
1 0.9982 0.9966 0.9886 0.975 0.9634 0.952 0.9352 0.9068 0.8734 0.8326 0.7866 0.727 0.6578 0.5822 0.4886 0.3762 0.2246 
0.7604 0.0108 0.0018 0.001 0.0004 0.0002 0 0 0 0 0 0 0 0 0 0 0 0 
0.6108 0.0022 0 0 0 0 0 0 0 0 0 0 0 0 0 0 0 0 
0.5098 0.0008 0 0 0 0 0 0 0 0 0 0 0 0 0 0 0 0 
0.4246 0.0006 0 0 0 0 0 0 0 0 0 0 0 0 0 0 0 0 
0.3554 0.0004 0 0 0 0 0 0 0 0 0 0 0 0 0 0 0 0 
0.289 0 0 0 0 0 0 0 0 0 0 0 0 0 0 0 0 0 
0.231 0.0002 0 0 0 0 0 0 0 0 0 0 0 0 0 0 0 0 
0.1794 0.0002 0 0 0 0 0 0 0 0 0 0 0 0 0 0 0 0 
0.1296 0 0 0 0 0 0 0 0 0 0 0 0 0 0 0 0 0 
0.0916 0 0 0 0 0 0 0 0 0 0 0 0 0 0 0 0 0 
0.0634 0 0 0 0 0 0 0 0 0 0 0 0 0 0 0 0 0 
0.0374 0 0 0 0 0 0 0 0 0 0 0 0 0 0 0 0 0 
0.0228 0 0 0 0 0 0 0 0 0 0 0 0 0 0 0 0 0 
0.0094 0 0 0 0 0 0 0 0 0 0 0 0 0 0 0 0 0 
0.0014 0 0 0 0 0 0 0 0 0 0 0 0 0 0 0 0 0 
0.0006 0 0 0 0 0 0 0 0 0 0 0 0 0 0 0 0 0 
0 0 0 0 0 0 0 0 0 0 0 0 0 0 0 0 0 0 
1 0.998 0.9958 0.9912 0.98 0.9706 0.9594 0.9472 0.929 0.9118 0.88 0.8452 0.8016 0.7574 0.6934 0.6162 0.52 0.3774 
0.6162 0 0 0 0 0 0 0 0 0 0 0 0 0 0 0 0 0 
0.4762 0 0 0 0 0 0 0 0 0 0 0 0 0 0 0 0 0 
0.3812 0 0 0 0 0 0 0 0 0 0 0 0 0 0 0 0 0 
0.3138 0 0 0 0 0 0 0 0 0 0 0 0 0 0 0 0 0 
0.256 0 0 0 0 0 0 0 0 0 0 0 0 0 0 0 0 0 
0.2078 0 0 0 0 0 0 0 0 0 0 0 0 0 0 0 0 0 
0.1612 0 0 0 0 0 0 0 0 0 0 0 0 0 0 0 0 0 
0.1288 0 0 0 0 0 0 0 0 0 0 0 0 0 0 0 0 0 
0.0982 0 0 0 0 0 0 0 0 0 0 0 0 0 0 0 0 0 
0.0678 0 0 0 0 0 0 0 0 0 0 0 0 0 0 0 0 0 
0.05 0 0 0 0 0 0 0 0 0 0 0 0 0 0 0 0 0 
0.0326 0 0 0 0 0 0 0 0 0 0 0 0 0 0 0 0 0 
0.0202 0 0 0 0 0 0 0 0 0 0 0 0 0 0 0 0 0 
0.0114 0 0 0 0 0 0 0 0 0 0 0 0 0 0 0 0 0 
0.0036 0 0 0 0 0 0 0 0 0 0 0 0 0 0 0 0 0 
0.0008 0 0 0 0 0 0 0 0 0 0 0 0 0 0 0 0 0 
0 0 0 0 0 0 0 0 0 0 0 0 0 0 0 0 0 0 
1 0.9988 0.9958 0.9862 0.9766 0.9644 0.9538 0.9318 0.9032 0.8744 0.8366 0.785 0.728 0.6584 0.5716 0.4704 0.3542 0.2096 
0.7708 0.006 0.0006 0.0002 0.0002 0 0 0 0 0 0 0 0 0 0 0 0 0 
0.625 0.0012 0 0 0 0 0 0 0 0 0 0 0 0 0 0 0 0 
0.5268 0 0 0 0 0 0 0 0 0 0 0 0 0 0 0 0 0 
0.4426 0 0 0 0 0 0 0 0 0 0 0 0 0 0 0 0 0 
0.3586 0 0 0 0 0 0 0 0 0 0 0 0 0 0 0 0 0 
0.2906 0 0 0 0 0 0 0 0 0 0 0 0 0 0 0 0 0 
0.2312 0 0 0 0 0 0 0 0 0 0 0 0 0 0 0 0 0 
0.177 0 0 0 0 0 0 0 0 0 0 0 0 0 0 0 0 0 
0.13 0 0 0 0 0 0 0 0 0 0 0 0 0 0 0 0 0 
0.099 0 0 0 0 0 0 0 0 0 0 0 0 0 0 0 0 0 
0.067 0 0 0 0 0 0 0 0 0 0 0 0 0 0 0 0 0 
0.04 0 0 0 0 0 0 0 0 0 0 0 0 0 0 0 0 0 
0.02 0 0 0 0 0 0 0 0 0 0 0 0 0 0 0 0 0 
0.0102 0 0 0 0 0 0 0 0 0 0 0 0 0 0 0 0 0 
0.0036 0 0 0 0 0 0 0 0 0 0 0 0 0 0 0 0 0 
0.0006 0 0 0 0 0 0 0 0 0 0 0 0 0 0 0 0 0 
0 0 0 0 0 0 0 0 0 0 0 0 0 0 0 0 0 0 
1 0.9982 0.9956 0.9892 0.978 0.9716 0.9596 0.943 0.928 0.9068 0.8766 0.845 0.8014 0.7512 0.6874 0.6128 0.5156 0.3676 
0.6242 0 0 0 0 0 0 0 0 0 0 0 0 0 0 0 0 0 
0.4798 0 0 0 0 0 0 0 0 0 0 0 0 0 0 0 0 0 
0.3932 0 0 0 0 0 0 0 0 0 0 0 0 0 0 0 0 0 
0.3158 0 0 0 0 0 0 0 0 0 0 0 0 0 0 0 0 0 
0.2612 0 0 0 0 0 0 0 0 0 0 0 0 0 0 0 0 0 
0.2104 0 0 0 0 0 0 0 0 0 0 0 0 0 0 0 0 0 
0.1668 0 0 0 0 0 0 0 0 0 0 0 0 0 0 0 0 0 
0.1314 0 0 0 0 0 0 0 0 0 0 0 0 0 0 0 0 0 
0.0988 0 0 0 0 0 0 0 0 0 0 0 0 0 0 0 0 0 
0.0736 0 0 0 0 0 0 0 0 0 0 0 0 0 0 0 0 0 
0.0516 0 0 0 0 0 0 0 0 0 0 0 0 0 0 0 0 0 
0.0342 0 0 0 0 0 0 0 0 0 0 0 0 0 0 0 0 0 
0.0172 0 0 0 0 0 0 0 0 0 0 0 0 0 0 0 0 0 
0.0094 0 0 0 0 0 0 0 0 0 0 0 0 0 0 0 0 0 
0.0038 0 0 0 0 0 0 0 0 0 0 0 0 0 0 0 0 0 
0.0008 0 0 0 0 0 0 0 0 0 0 0 0 0 0 0 0 0 
0.0002 0 0 0 0 0 0 0 0 0 0 0 0 0 0 0 0 0 
1 0.999 0.9972 0.9872 0.981 0.97 0.9594 0.9466 0.9296 0.9056 0.878 0.851 0.8076 0.7542 0.6964 0.6132 0.5066 0.358 
0.6312 0 0 0 0 0 0 0 0 0 0 0 0 0 0 0 0 0 
0.4872 0 0 0 0 0 0 0 0 0 0 0 0 0 0 0 0 0 
0.3906 0 0 0 0 0 0 0 0 0 0 0 0 0 0 0 0 0 
0.3108 0 0 0 0 0 0 0 0 0 0 0 0 0 0 0 0 0 
0.2538 0 0 0 0 0 0 0 0 0 0 0 0 0 0 0 0 0 
0.2052 0 0 0 0 0 0 0 0 0 0 0 0 0 0 0 0 0 
0.1542 0 0 0 0 0 0 0 0 0 0 0 0 0 0 0 0 0 
0.1264 0 0 0 0 0 0 0 0 0 0 0 0 0 0 0 0 0 
0.0992 0 0 0 0 0 0 0 0 0 0 0 0 0 0 0 0 0 
0.0748 0 0 0 0 0 0 0 0 0 0 0 0 0 0 0 0 0 
0.0502 0 0 0 0 0 0 0 0 0 0 0 0 0 0 0 0 0 
0.0364 0 0 0 0 0 0 0 0 0 0 0 0 0 0 0 0 0 
0.0214 0 0 0 0 0 0 0 0 0 0 0 0 0 0 0 0 0 
0.0114 0 0 0 0 0 0 0 0 0 0 0 0 0 0 0 0 0 
0.0052 0 0 0 0 0 0 0 0 0 0 0 0 0 0 0 0 0 
0.0012 0 0 0 0 0 0 0 0 0 0 0 0 0 0 0 0 0 
0.0002 0 0 0 0 0 0 0 0 0 0 0 0 0 0 0 0 0 
1 0.9984 0.997 0.9912 0.985 0.9794 0.976 0.9612 0.9494 0.9364 0.9184 0.8888 0.8584 0.827 0.786 0.7262 0.6464 0.5194 
0.4734 0 0 0 0 0 0 0 0 0 0 0 0 0 0 0 0 0 
0.3528 0 0 0 0 0 0 0 0 0 0 0 0 0 0 0 0 0 
0.28 0 0 0 0 0 0 0 0 0 0 0 0 0 0 0 0 0 
0.2256 0 0 0 0 0 0 0 0 0 0 0 0 0 0 0 0 0 
0.18 0 0 0 0 0 0 0 0 0 0 0 0 0 0 0 0 0 
0.1432 0 0 0 0 0 0 0 0 0 0 0 0 0 0 0 0 0 
0.1162 0 0 0 0 0 0 0 0 0 0 0 0 0 0 0 0 0 
0.0898 0 0 0 0 0 0 0 0 0 0 0 0 0 0 0 0 0 
0.0672 0 0 0 0 0 0 0 0 0 0 0 0 0 0 0 0 0 
0.0496 0 0 0 0 0 0 0 0 0 0 0 0 0 0 0 0 0 
0.0332 0 0 0 0 0 0 0 0 0 0 0 0 0 0 0 0 0 
0.021 0 0 0 0 0 0 0 0 0 0 0 0 0 0 0 0 0 
0.0118 0 0 0 0 0 0 0 0 0 0 0 0 0 0 0 0 0 
0.007 0 0 0 0 0 0 0 0 0 0 0 0 0 0 0 0 0 
0.0034 0 0 0 0 0 0 0 0 0 0 0 0 0 0 0 0 0 
0.0012 0 0 0 0 0 0 0 0 0 0 0 0 0 0 0 0 0 
0 0 0 0 0 0 0 0 0 0 0 0 0 0 0 0 0 0 
1 0.9982 0.9964 0.9856 0.9776 0.9642 0.9522 0.931 0.9058 0.8626 0.8322 0.7842 0.7282 0.6568 0.5728 0.472 0.3614 0.2146 
0.7644 0.003 0.0006 0.0002 0 0 0 0 0 0 0 0 0 0 0 0 0 0 
0.6336 0 0 0 0 0 0 0 0 0 0 0 0 0 0 0 0 0 
0.5266 0 0 0 0 0 0 0 0 0 0 0 0 0 0 0 0 0 
0.43 0 0 0 0 0 0 0 0 0 0 0 0 0 0 0 0 0 
0.3638 0 0 0 0 0 0 0 0 0 0 0 0 0 0 0 0 0 
0.295 0 0 0 0 0 0 0 0 0 0 0 0 0 0 0 0 0 
0.2306 0 0 0 0 0 0 0 0 0 0 0 0 0 0 0 0 0 
0.179 0 0 0 0 0 0 0 0 0 0 0 0 0 0 0 0 0 
0.135 0 0 0 0 0 0 0 0 0 0 0 0 0 0 0 0 0 
0.099 0 0 0 0 0 0 0 0 0 0 0 0 0 0 0 0 0 
0.0612 0 0 0 0 0 0 0 0 0 0 0 0 0 0 0 0 0 
0.039 0 0 0 0 0 0 0 0 0 0 0 0 0 0 0 0 0 
0.0248 0 0 0 0 0 0 0 0 0 0 0 0 0 0 0 0 0 
0.0112 0 0 0 0 0 0 0 0 0 0 0 0 0 0 0 0 0 
0.0056 0 0 0 0 0 0 0 0 0 0 0 0 0 0 0 0 0 
0.0014 0 0 0 0 0 0 0 0 0 0 0 0 0 0 0 0 0 
0.0002 0 0 0 0 0 0 0 0 0 0 0 0 0 0 0 0 0 
1 0.998 0.998 0.9928 0.983 0.9726 0.9604 0.946 0.929 0.909 0.8808 0.8452 0.8004 0.7548 0.6954 0.618 0.5114 0.3574 
0.6304 0 0 0 0 0 0 0 0 0 0 0 0 0 0 0 0 0 
0.4802 0 0 0 0 0 0 0 0 0 0 0 0 0 0 0 0 0 
0.3896 0 0 0 0 0 0 0 0 0 0 0 0 0 0 0 0 0 
0.3124 0 0 0 0 0 0 0 0 0 0 0 0 0 0 0 0 0 
0.2572 0 0 0 0 0 0 0 0 0 0 0 0 0 0 0 0 0 
0.2062 0 0 0 0 0 0 0 0 0 0 0 0 0 0 0 0 0 
0.1646 0 0 0 0 0 0 0 0 0 0 0 0 0 0 0 0 0 
0.1284 0 0 0 0 0 0 0 0 0 0 0 0 0 0 0 0 0 
0.0942 0 0 0 0 0 0 0 0 0 0 0 0 0 0 0 0 0 
0.0726 0 0 0 0 0 0 0 0 0 0 0 0 0 0 0 0 0 
0.0492 0 0 0 0 0 0 0 0 0 0 0 0 0 0 0 0 0 
0.0324 0 0 0 0 0 0 0 0 0 0 0 0 0 0 0 0 0 
0.0168 0 0 0 0 0 0 0 0 0 0 0 0 0 0 0 0 0 
0.0098 0 0 0 0 0 0 0 0 0 0 0 0 0 0 0 0 0 
0.003 0 0 0 0 0 0 0 0 0 0 0 0 0 0 0 0 0 
0.0004 0 0 0 0 0 0 0 0 0 0 0 0 0 0 0 0 0 
0.0004 0 0 0 0 0 0 0 0 0 0 0 0 0 0 0 0 0 
1 0.9984 0.9972 0.9894 0.9864 0.9746 0.964 0.949 0.9298 0.9084 0.8828 0.8478 0.8076 0.7534 0.6946 0.622 0.5188 0.3648 
0.6294 0 0 0 0 0 0 0 0 0 0 0 0 0 0 0 0 0 
0.4706 0 0 0 0 0 0 0 0 0 0 0 0 0 0 0 0 0 
0.3838 0 0 0 0 0 0 0 0 0 0 0 0 0 0 0 0 0 
0.3118 0 0 0 0 0 0 0 0 0 0 0 0 0 0 0 0 0 
0.2572 0 0 0 0 0 0 0 0 0 0 0 0 0 0 0 0 0 
0.2022 0 0 0 0 0 0 0 0 0 0 0 0 0 0 0 0 0 
0.1624 0 0 0 0 0 0 0 0 0 0 0 0 0 0 0 0 0 
0.1292 0 0 0 0 0 0 0 0 0 0 0 0 0 0 0 0 0 
0.0958 0 0 0 0 0 0 0 0 0 0 0 0 0 0 0 0 0 
0.0672 0 0 0 0 0 0 0 0 0 0 0 0 0 0 0 0 0 
0.0456 0 0 0 0 0 0 0 0 0 0 0 0 0 0 0 0 0 
0.0282 0 0 0 0 0 0 0 0 0 0 0 0 0 0 0 0 0 
0.0176 0 0 0 0 0 0 0 0 0 0 0 0 0 0 0 0 0 
0.0066 0 0 0 0 0 0 0 0 0 0 0 0 0 0 0 0 0 
0.0026 0 0 0 0 0 0 0 0 0 0 0 0 0 0 0 0 0 
0.0008 0 0 0 0 0 0 0 0 0 0 0 0 0 0 0 0 0 
0 0 0 0 0 0 0 0 0 0 0 0 0 0 0 0 0 0 
1 0.9988 0.9982 0.9918 0.9896 0.98 0.974 0.9636 0.951 0.9382 0.9196 0.898 0.87 0.839 0.7916 0.7304 0.6528 0.5234 
0.4762 0 0 0 0 0 0 0 0 0 0 0 0 0 0 0 0 0 
0.3432 0 0 0 0 0 0 0 0 0 0 0 0 0 0 0 0 0 
0.2746 0 0 0 0 0 0 0 0 0 0 0 0 0 0 0 0 0 
0.2154 0 0 0 0 0 0 0 0 0 0 0 0 0 0 0 0 0 
0.1704 0 0 0 0 0 0 0 0 0 0 0 0 0 0 0 0 0 
0.137 0 0 0 0 0 0 0 0 0 0 0 0 0 0 0 0 0 
0.1064 0 0 0 0 0 0 0 0 0 0 0 0 0 0 0 0 0 
0.0798 0 0 0 0 0 0 0 0 0 0 0 0 0 0 0 0 0 
0.0616 0 0 0 0 0 0 0 0 0 0 0 0 0 0 0 0 0 
0.047 0 0 0 0 0 0 0 0 0 0 0 0 0 0 0 0 0 
0.0326 0 0 0 0 0 0 0 0 0 0 0 0 0 0 0 0 0 
0.0232 0 0 0 0 0 0 0 0 0 0 0 0 0 0 0 0 0 
0.0124 0 0 0 0 0 0 0 0 0 0 0 0 0 0 0 0 0 
0.0066 0 0 0 0 0 0 0 0 0 0 0 0 0 0 0 0 0 
0.0026 0 0 0 0 0 0 0 0 0 0 0 0 0 0 0 0 0 
0.001 0 0 0 0 0 0 0 0 0 0 0 0 0 0 0 0 0 
0 0 0 0 0 0 0 0 0 0 0 0 0 0 0 0 0 0 
1 0.9982 0.996 0.9918 0.9822 0.9734 0.962 0.9438 0.9262 0.9098 0.881 0.8412 0.8004 0.7588 0.6944 0.6132 0.5162 0.3678 
0.6256 0 0 0 0 0 0 0 0 0 0 0 0 0 0 0 0 0 
0.4772 0 0 0 0 0 0 0 0 0 0 0 0 0 0 0 0 0 
0.3898 0 0 0 0 0 0 0 0 0 0 0 0 0 0 0 0 0 
0.3164 0 0 0 0 0 0 0 0 0 0 0 0 0 0 0 0 0 
0.2554 0 0 0 0 0 0 0 0 0 0 0 0 0 0 0 0 0 
0.203 0 0 0 0 0 0 0 0 0 0 0 0 0 0 0 0 0 
0.167 0 0 0 0 0 0 0 0 0 0 0 0 0 0 0 0 0 
0.1294 0 0 0 0 0 0 0 0 0 0 0 0 0 0 0 0 0 
0.103 0 0 0 0 0 0 0 0 0 0 0 0 0 0 0 0 0 
0.0672 0 0 0 0 0 0 0 0 0 0 0 0 0 0 0 0 0 
0.0484 0 0 0 0 0 0 0 0 0 0 0 0 0 0 0 0 0 
0.0318 0 0 0 0 0 0 0 0 0 0 0 0 0 0 0 0 0 
0.0174 0 0 0 0 0 0 0 0 0 0 0 0 0 0 0 0 0 
0.0088 0 0 0 0 0 0 0 0 0 0 0 0 0 0 0 0 0 
0.0026 0 0 0 0 0 0 0 0 0 0 0 0 0 0 0 0 0 
0.0006 0 0 0 0 0 0 0 0 0 0 0 0 0 0 0 0 0 
0 0 0 0 0 0 0 0 0 0 0 0 0 0 0 0 0 0 
1 0.9986 0.9964 0.9944 0.9876 0.9766 0.969 0.9592 0.9454 0.9282 0.9128 0.8874 0.8638 0.8244 0.7862 0.733 0.6552 0.5286 
0.472 0 0 0 0 0 0 0 0 0 0 0 0 0 0 0 0 0 
0.345 0 0 0 0 0 0 0 0 0 0 0 0 0 0 0 0 0 
0.2682 0 0 0 0 0 0 0 0 0 0 0 0 0 0 0 0 0 
0.2188 0 0 0 0 0 0 0 0 0 0 0 0 0 0 0 0 0 
0.178 0 0 0 0 0 0 0 0 0 0 0 0 0 0 0 0 0 
0.1442 0 0 0 0 0 0 0 0 0 0 0 0 0 0 0 0 0 
0.1158 0 0 0 0 0 0 0 0 0 0 0 0 0 0 0 0 0 
0.093 0 0 0 0 0 0 0 0 0 0 0 0 0 0 0 0 0 
0.071 0 0 0 0 0 0 0 0 0 0 0 0 0 0 0 0 0 
0.0526 0 0 0 0 0 0 0 0 0 0 0 0 0 0 0 0 0 
0.0388 0 0 0 0 0 0 0 0 0 0 0 0 0 0 0 0 0 
0.0256 0 0 0 0 0 0 0 0 0 0 0 0 0 0 0 0 0 
0.017 0 0 0 0 0 0 0 0 0 0 0 0 0 0 0 0 0 
0.0088 0 0 0 0 0 0 0 0 0 0 0 0 0 0 0 0 0 
0.0036 0 0 0 0 0 0 0 0 0 0 0 0 0 0 0 0 0 
0.0008 0 0 0 0 0 0 0 0 0 0 0 0 0 0 0 0 0 
0 0 0 0 0 0 0 0 0 0 0 0 0 0 0 0 0 0 
1 0.9992 0.9972 0.9918 0.9908 0.9796 0.9758 0.9678 0.9524 0.9328 0.9152 0.8982 0.869 0.8308 0.7926 0.735 0.6612 0.5326 
0.4656 0 0 0 0 0 0 0 0 0 0 0 0 0 0 0 0 0 
0.342 0 0 0 0 0 0 0 0 0 0 0 0 0 0 0 0 0 
0.2686 0 0 0 0 0 0 0 0 0 0 0 0 0 0 0 0 0 
0.2146 0 0 0 0 0 0 0 0 0 0 0 0 0 0 0 0 0 
0.173 0 0 0 0 0 0 0 0 0 0 0 0 0 0 0 0 0 
0.138 0 0 0 0 0 0 0 0 0 0 0 0 0 0 0 0 0 
0.1096 0 0 0 0 0 0 0 0 0 0 0 0 0 0 0 0 0 
0.0874 0 0 0 0 0 0 0 0 0 0 0 0 0 0 0 0 0 
0.0656 0 0 0 0 0 0 0 0 0 0 0 0 0 0 0 0 0 
0.047 0 0 0 0 0 0 0 0 0 0 0 0 0 0 0 0 0 
0.0296 0 0 0 0 0 0 0 0 0 0 0 0 0 0 0 0 0 
0.0188 0 0 0 0 0 0 0 0 0 0 0 0 0 0 0 0 0 
0.0108 0 0 0 0 0 0 0 0 0 0 0 0 0 0 0 0 0 
0.0052 0 0 0 0 0 0 0 0 0 0 0 0 0 0 0 0 0 
0.0018 0 0 0 0 0 0 0 0 0 0 0 0 0 0 0 0 0 
0.0004 0 0 0 0 0 0 0 0 0 0 0 0 0 0 0 0 0 
0 0 0 0 0 0 0 0 0 0 0 0 0 0 0 0 0 0 
1 0.9986 0.9978 0.995 0.9916 0.9868 0.9806 0.9732 0.9626 0.9546 0.9406 0.9232 0.9048 0.883 0.8516 0.8206 0.7686 0.673 
0.3288 0 0 0 0 0 0 0 0 0 0 0 0 0 0 0 0 0 
0.2334 0 0 0 0 0 0 0 0 0 0 0 0 0 0 0 0 0 
0.1828 0 0 0 0 0 0 0 0 0 0 0 0 0 0 0 0 0 
0.1486 0 0 0 0 0 0 0 0 0 0 0 0 0 0 0 0 0 
0.125 0 0 0 0 0 0 0 0 0 0 0 0 0 0 0 0 0 
0.0976 0 0 0 0 0 0 0 0 0 0 0 0 0 0 0 0 0 
0.0786 0 0 0 0 0 0 0 0 0 0 0 0 0 0 0 0 0 
0.0614 0 0 0 0 0 0 0 0 0 0 0 0 0 0 0 0 0 
0.0472 0 0 0 0 0 0 0 0 0 0 0 0 0 0 0 0 0 
0.0324 0 0 0 0 0 0 0 0 0 0 0 0 0 0 0 0 0 
0.0232 0 0 0 0 0 0 0 0 0 0 0 0 0 0 0 0 0 
0.014 0 0 0 0 0 0 0 0 0 0 0 0 0 0 0 0 0 
0.0104 0 0 0 0 0 0 0 0 0 0 0 0 0 0 0 0 0 
0.0074 0 0 0 0 0 0 0 0 0 0 0 0 0 0 0 0 0 
0.0022 0 0 0 0 0 0 0 0 0 0 0 0 0 0 0 0 0 
0.0008 0 0 0 0 0 0 0 0 0 0 0 0 0 0 0 0 0 
0 0 0 0 0 0 0 0 0 0 0 0 0 0 0 0 0 0 
