320000 319458 318642 315472 311863 307579 301870 295105 286758 276770 265521 252237 238066 222365 205350 187618 168719 149062 128046 106106 82309 55496 
249473 139630 92213 58426 37765 23962 15069 8894 4944 2359 966 321 66 11 2 0 0 0 0 0 0 0 
208739 76254 33019 11386 3450 839 158 26 4 1 0 0 0 0 0 0 0 0 0 0 0 0 
176781 44888 13438 2358 264 23 2 0 0 0 0 0 0 0 0 0 0 0 0 0 0 0 
148437 25579 4667 326 11 1 0 0 0 0 0 0 0 0 0 0 0 0 0 0 0 0 
122991 13486 1427 32 1 0 0 0 0 0 0 0 0 0 0 0 0 0 0 0 0 0 
99802 6436 328 2 0 0 0 0 0 0 0 0 0 0 0 0 0 0 0 0 0 0 
79397 2747 60 0 0 0 0 0 0 0 0 0 0 0 0 0 0 0 0 0 0 0 
62182 942 5 0 0 0 0 0 0 0 0 0 0 0 0 0 0 0 0 0 0 0 
47312 307 0 0 0 0 0 0 0 0 0 0 0 0 0 0 0 0 0 0 0 0 
35191 65 0 0 0 0 0 0 0 0 0 0 0 0 0 0 0 0 0 0 0 0 
25059 8 0 0 0 0 0 0 0 0 0 0 0 0 0 0 0 0 0 0 0 0 
17272 1 0 0 0 0 0 0 0 0 0 0 0 0 0 0 0 0 0 0 0 0 
11346 1 0 0 0 0 0 0 0 0 0 0 0 0 0 0 0 0 0 0 0 0 
7195 0 0 0 0 0 0 0 0 0 0 0 0 0 0 0 0 0 0 0 0 0 
4090 0 0 0 0 0 0 0 0 0 0 0 0 0 0 0 0 0 0 0 0 0 
2171 0 0 0 0 0 0 0 0 0 0 0 0 0 0 0 0 0 0 0 0 0 
980 0 0 0 0 0 0 0 0 0 0 0 0 0 0 0 0 0 0 0 0 0 
160000 159658 159052 156663 153693 150199 145533 140149 133646 126392 118300 109400 100039 90618 81066 71735 62336 53299 44250 35299 26153 17450 
135239 102474 77157 54135 36435 24308 15351 9416 5281 2629 1141 412 119 37 11 2 1 1 0 0 0 0 
114487 63153 32499 12432 3734 958 183 27 7 1 1 0 0 0 0 0 0 0 0 0 0 0 
96856 39539 14058 2781 305 41 4 0 1 0 0 0 0 0 0 0 0 0 0 0 0 0 
80041 22965 5219 436 14 0 0 0 0 0 0 0 0 0 0 0 0 0 0 0 0 0 
64748 12426 1638 62 1 0 0 0 0 0 0 0 0 0 0 0 0 0 0 0 0 0 
51112 5914 407 7 0 0 0 0 0 0 0 0 0 0 0 0 0 0 0 0 0 0 
39294 2510 73 0 0 0 0 0 0 0 0 0 0 0 0 0 0 0 0 0 0 0 
29397 906 9 0 0 0 0 0 0 0 0 0 0 0 0 0 0 0 0 0 0 0 
21333 267 1 0 0 0 0 0 0 0 0 0 0 0 0 0 0 0 0 0 0 0 
15011 72 1 0 0 0 0 0 0 0 0 0 0 0 0 0 0 0 0 0 0 0 
10203 14 0 0 0 0 0 0 0 0 0 0 0 0 0 0 0 0 0 0 0 0 
6679 0 0 0 0 0 0 0 0 0 0 0 0 0 0 0 0 0 0 0 0 0 
4257 0 0 0 0 0 0 0 0 0 0 0 0 0 0 0 0 0 0 0 0 0 
2461 0 0 0 0 0 0 0 0 0 0 0 0 0 0 0 0 0 0 0 0 0 
1355 0 0 0 0 0 0 0 0 0 0 0 0 0 0 0 0 0 0 0 0 0 
713 0 0 0 0 0 0 0 0 0 0 0 0 0 0 0 0 0 0 0 0 0 
308 0 0 0 0 0 0 0 0 0 0 0 0 0 0 0 0 0 0 0 0 0 
160000 159777 159524 158546 157495 156438 155237 153610 151501 149118 146272 142925 139060 134451 128835 122493 115260 106389 96289 84094 68904 48151 
108391 9024 3331 1439 775 491 308 182 86 46 14 3 0 0 0 0 0 0 0 0 0 0 
87919 2576 477 100 25 6 1 0 0 0 0 0 0 0 0 0 0 0 0 0 0 0 
74031 1215 126 11 0 0 0 0 0 0 0 0 0 0 0 0 0 0 0 0 0 0 
62997 625 48 0 0 0 0 0 0 0 0 0 0 0 0 0 0 0 0 0 0 0 
53770 315 14 0 0 0 0 0 0 0 0 0 0 0 0 0 0 0 0 0 0 0 
45407 155 4 0 0 0 0 0 0 0 0 0 0 0 0 0 0 0 0 0 0 0 
38359 70 0 0 0 0 0 0 0 0 0 0 0 0 0 0 0 0 0 0 0 0 
31836 22 0 0 0 0 0 0 0 0 0 0 0 0 0 0 0 0 0 0 0 0 
26273 6 0 0 0 0 0 0 0 0 0 0 0 0 0 0 0 0 0 0 0 0 
21129 3 0 0 0 0 0 0 0 0 0 0 0 0 0 0 0 0 0 0 0 0 
16643 1 0 0 0 0 0 0 0 0 0 0 0 0 0 0 0 0 0 0 0 0 
12602 0 0 0 0 0 0 0 0 0 0 0 0 0 0 0 0 0 0 0 0 0 
9370 0 0 0 0 0 0 0 0 0 0 0 0 0 0 0 0 0 0 0 0 0 
6680 0 0 0 0 0 0 0 0 0 0 0 0 0 0 0 0 0 0 0 0 0 
4468 0 0 0 0 0 0 0 0 0 0 0 0 0 0 0 0 0 0 0 0 0 
2729 0 0 0 0 0 0 0 0 0 0 0 0 0 0 0 0 0 0 0 0 0 
1528 0 0 0 0 0 0 0 0 0 0 0 0 0 0 0 0 0 0 0 0 0 
80000 79747 79303 77869 75527 73003 69607 65923 61246 56587 51323 45945 40640 35540 30769 26568 22285 18663 14954 11722 8585 5797 
70927 62488 52450 40736 28857 20174 13025 8241 4624 2377 1014 396 144 63 22 8 5 4 2 1 0 0 
59601 42114 25116 11181 3439 1052 204 69 15 5 2 0 0 0 1 0 0 0 0 0 0 0 
49978 27870 11712 2871 355 54 8 1 0 0 0 0 0 0 0 0 0 0 0 0 0 0 
40187 16540 4434 511 23 5 1 1 0 0 0 0 0 0 0 0 0 0 0 0 0 0 
31730 8881 1496 85 2 0 0 0 0 0 0 0 0 0 0 0 0 0 0 0 0 0 
23961 4281 398 12 1 1 0 0 0 0 0 0 0 0 0 0 0 0 0 0 0 0 
17549 1821 113 1 0 0 0 0 0 0 0 0 0 0 0 0 0 0 0 0 0 0 
12301 672 29 1 0 0 0 0 0 0 0 0 0 0 0 0 0 0 0 0 0 0 
8396 200 6 0 0 0 0 0 0 0 0 0 0 0 0 0 0 0 0 0 0 0 
5469 60 1 0 0 0 0 0 0 0 0 0 0 0 0 0 0 0 0 0 0 0 
3409 15 1 0 0 0 0 0 0 0 0 0 0 0 0 0 0 0 0 0 0 0 
2093 6 0 0 0 0 0 0 0 0 0 0 0 0 0 0 0 0 0 0 0 0 
1244 1 0 0 0 0 0 0 0 0 0 0 0 0 0 0 0 0 0 0 0 0 
671 0 0 0 0 0 0 0 0 0 0 0 0 0 0 0 0 0 0 0 0 0 
343 1 0 0 0 0 0 0 0 0 0 0 0 0 0 0 0 0 0 0 0 0 
167 0 0 0 0 0 0 0 0 0 0 0 0 0 0 0 0 0 0 0 0 0 
71 0 0 0 0 0 0 0 0 0 0 0 0 0 0 0 0 0 0 0 0 0 
80000 79862 79695 79143 78471 77900 76973 75924 74778 73258 71461 69562 67042 64344 61198 57603 53676 49161 43863 37668 30260 20850 
57027 14962 7504 4159 2463 1561 986 601 321 184 75 27 10 3 0 0 0 0 0 0 0 0 
46021 5889 1726 464 108 24 8 0 0 0 0 0 0 0 0 0 0 0 0 0 0 0 
38734 3079 554 63 2 0 0 0 0 0 0 0 0 0 0 0 0 0 0 0 0 0 
32785 1658 168 7 1 0 0 0 0 0 0 0 0 0 0 0 0 0 0 0 0 0 
27732 885 62 0 0 0 0 0 0 0 0 0 0 0 0 0 0 0 0 0 0 0 
23328 450 18 0 0 0 0 0 0 0 0 0 0 0 0 0 0 0 0 0 0 0 
19557 216 2 0 0 0 0 0 0 0 0 0 0 0 0 0 0 0 0 0 0 0 
16029 71 0 0 0 0 0 0 0 0 0 0 0 0 0 0 0 0 0 0 0 0 
12888 27 0 0 0 0 0 0 0 0 0 0 0 0 0 0 0 0 0 0 0 0 
10200 6 0 0 0 0 0 0 0 0 0 0 0 0 0 0 0 0 0 0 0 0 
7856 2 0 0 0 0 0 0 0 0 0 0 0 0 0 0 0 0 0 0 0 0 
5859 1 0 0 0 0 0 0 0 0 0 0 0 0 0 0 0 0 0 0 0 0 
4245 0 0 0 0 0 0 0 0 0 0 0 0 0 0 0 0 0 0 0 0 0 
2913 0 0 0 0 0 0 0 0 0 0 0 0 0 0 0 0 0 0 0 0 0 
1951 0 0 0 0 0 0 0 0 0 0 0 0 0 0 0 0 0 0 0 0 0 
1172 0 0 0 0 0 0 0 0 0 0 0 0 0 0 0 0 0 0 0 0 0 
664 0 0 0 0 0 0 0 0 0 0 0 0 0 0 0 0 0 0 0 0 0 
80000 79846 79654 79068 78465 77755 76981 75955 74722 73144 71586 69457 67090 64202 60465 56681 52215 47234 41495 35007 27216 17553 
60148 10829 4489 2148 1118 699 416 235 134 61 26 8 1 0 0 0 0 0 0 0 0 0 
50049 3651 747 137 29 13 2 0 0 0 0 0 0 0 0 0 0 0 0 0 0 0 
42510 1754 218 20 3 0 0 0 0 0 0 0 0 0 0 0 0 0 0 0 0 0 
36617 922 67 2 0 0 0 0 0 0 0 0 0 0 0 0 0 0 0 0 0 0 
31401 488 20 0 0 0 0 0 0 0 0 0 0 0 0 0 0 0 0 0 0 0 
26645 229 4 0 0 0 0 0 0 0 0 0 0 0 0 0 0 0 0 0 0 0 
22427 102 1 0 0 0 0 0 0 0 0 0 0 0 0 0 0 0 0 0 0 0 
18586 51 0 0 0 0 0 0 0 0 0 0 0 0 0 0 0 0 0 0 0 0 
15190 21 0 0 0 0 0 0 0 0 0 0 0 0 0 0 0 0 0 0 0 0 
12067 6 0 0 0 0 0 0 0 0 0 0 0 0 0 0 0 0 0 0 0 0 
9473 0 0 0 0 0 0 0 0 0 0 0 0 0 0 0 0 0 0 0 0 0 
7081 0 0 0 0 0 0 0 0 0 0 0 0 0 0 0 0 0 0 0 0 0 
5172 0 0 0 0 0 0 0 0 0 0 0 0 0 0 0 0 0 0 0 0 0 
3589 0 0 0 0 0 0 0 0 0 0 0 0 0 0 0 0 0 0 0 0 0 
2353 0 0 0 0 0 0 0 0 0 0 0 0 0 0 0 0 0 0 0 0 0 
1461 0 0 0 0 0 0 0 0 0 0 0 0 0 0 0 0 0 0 0 0 0 
789 0 0 0 0 0 0 0 0 0 0 0 0 0 0 0 0 0 0 0 0 0 
80000 79895 79744 79332 78978 78544 77941 77242 76489 75447 74388 72923 71497 69608 67392 64767 61696 58050 53670 48427 41438 30706 
48345 10 1 0 0 0 0 0 0 0 0 0 0 0 0 0 0 0 0 0 0 0 
37932 1 0 0 0 0 0 0 0 0 0 0 0 0 0 0 0 0 0 0 0 0 
31709 0 0 0 0 0 0 0 0 0 0 0 0 0 0 0 0 0 0 0 0 0 
26924 0 0 0 0 0 0 0 0 0 0 0 0 0 0 0 0 0 0 0 0 0 
22901 0 0 0 0 0 0 0 0 0 0 0 0 0 0 0 0 0 0 0 0 0 
19440 0 0 0 0 0 0 0 0 0 0 0 0 0 0 0 0 0 0 0 0 0 
16440 0 0 0 0 0 0 0 0 0 0 0 0 0 0 0 0 0 0 0 0 0 
13591 0 0 0 0 0 0 0 0 0 0 0 0 0 0 0 0 0 0 0 0 0 
11236 0 0 0 0 0 0 0 0 0 0 0 0 0 0 0 0 0 0 0 0 0 
9121 0 0 0 0 0 0 0 0 0 0 0 0 0 0 0 0 0 0 0 0 0 
7136 0 0 0 0 0 0 0 0 0 0 0 0 0 0 0 0 0 0 0 0 0 
5574 0 0 0 0 0 0 0 0 0 0 0 0 0 0 0 0 0 0 0 0 0 
4203 0 0 0 0 0 0 0 0 0 0 0 0 0 0 0 0 0 0 0 0 0 
3036 0 0 0 0 0 0 0 0 0 0 0 0 0 0 0 0 0 0 0 0 0 
2112 0 0 0 0 0 0 0 0 0 0 0 0 0 0 0 0 0 0 0 0 0 
1327 0 0 0 0 0 0 0 0 0 0 0 0 0 0 0 0 0 0 0 0 0 
787 0 0 0 0 0 0 0 0 0 0 0 0 0 0 0 0 0 0 0 0 0 
40000 39888 39611 38710 37060 35576 33384 31211 28299 25583 22543 19646 16628 14151 11734 9819 7930 6434 4979 3857 2732 1904 
36705 34323 30740 25823 18726 13736 8919 5790 3291 1761 721 318 148 79 29 17 7 2 1 0 0 0 
30728 24583 16234 8263 2368 846 166 55 19 8 2 1 0 0 0 0 0 0 0 0 0 0 
25593 16870 7962 2412 239 62 10 6 0 0 0 0 0 0 0 0 0 0 0 0 0 0 
19939 9978 3036 486 22 5 0 0 0 0 0 0 0 0 0 0 0 0 0 0 0 0 
15138 5518 1044 114 5 0 0 0 0 0 0 0 0 0 0 0 0 0 0 0 0 0 
10857 2523 297 28 1 1 0 0 0 0 0 0 0 0 0 0 0 0 0 0 0 0 
7666 1109 85 10 1 0 0 0 0 0 0 0 0 0 0 0 0 0 0 0 0 0 
4968 386 28 6 0 0 0 0 0 0 0 0 0 0 0 0 0 0 0 0 0 0 
3115 122 5 1 0 0 0 0 0 0 0 0 0 0 0 0 0 0 0 0 0 0 
1887 33 1 0 0 0 0 0 0 0 0 0 0 0 0 0 0 0 0 0 0 0 
1114 14 1 1 0 0 0 0 0 0 0 0 0 0 0 0 0 0 0 0 0 0 
602 5 0 0 0 0 0 0 0 0 0 0 0 0 0 0 0 0 0 0 0 0 
305 2 0 0 0 0 0 0 0 0 0 0 0 0 0 0 0 0 0 0 0 0 
168 3 0 0 0 0 0 0 0 0 0 0 0 0 0 0 0 0 0 0 0 0 
84 2 0 0 0 0 0 0 0 0 0 0 0 0 0 0 0 0 0 0 0 0 
27 2 0 0 0 0 0 0 0 0 0 0 0 0 0 0 0 0 0 0 0 0 
13 0 0 0 0 0 0 0 0 0 0 0 0 0 0 0 0 0 0 0 0 0 
40000 39944 39815 39397 38882 38229 37515 36606 35550 34333 32923 31369 29727 27872 26057 24064 21900 19853 17486 14849 11859 8435 
30114 18106 12557 8278 5439 3584 2240 1382 822 416 174 48 10 8 2 0 0 0 0 0 0 0 
24400 9756 4546 1668 527 119 32 6 0 0 0 0 0 0 0 0 0 0 0 0 0 0 
20056 5731 1879 368 40 4 0 0 0 0 0 0 0 0 0 0 0 0 0 0 0 0 
16458 3325 666 51 2 0 0 0 0 0 0 0 0 0 0 0 0 0 0 0 0 0 
13390 1764 237 8 0 0 0 0 0 0 0 0 0 0 0 0 0 0 0 0 0 0 
10832 925 53 0 0 0 0 0 0 0 0 0 0 0 0 0 0 0 0 0 0 0 
8600 371 10 0 0 0 0 0 0 0 0 0 0 0 0 0 0 0 0 0 0 0 
6742 143 1 0 0 0 0 0 0 0 0 0 0 0 0 0 0 0 0 0 0 0 
5150 52 0 0 0 0 0 0 0 0 0 0 0 0 0 0 0 0 0 0 0 0 
3909 14 0 0 0 0 0 0 0 0 0 0 0 0 0 0 0 0 0 0 0 0 
2871 4 0 0 0 0 0 0 0 0 0 0 0 0 0 0 0 0 0 0 0 0 
2002 1 0 0 0 0 0 0 0 0 0 0 0 0 0 0 0 0 0 0 0 0 
1424 0 0 0 0 0 0 0 0 0 0 0 0 0 0 0 0 0 0 0 0 0 
944 0 0 0 0 0 0 0 0 0 0 0 0 0 0 0 0 0 0 0 0 0 
581 0 0 0 0 0 0 0 0 0 0 0 0 0 0 0 0 0 0 0 0 0 
331 0 0 0 0 0 0 0 0 0 0 0 0 0 0 0 0 0 0 0 0 0 
162 0 0 0 0 0 0 0 0 0 0 0 0 0 0 0 0 0 0 0 0 0 
40000 39915 39828 39438 39030 38497 37920 37261 36387 35269 34064 32760 31138 29358 27403 25256 23047 20489 17740 14702 11257 7381 
31220 14385 8441 5006 3120 2021 1289 809 464 249 103 35 13 3 0 0 0 0 0 0 0 0 
25731 6623 2345 712 171 40 10 1 0 0 0 0 0 0 0 0 0 0 0 0 0 0 
21668 3678 846 114 9 1 0 0 0 0 0 0 0 0 0 0 0 0 0 0 0 0 
18286 1972 279 16 1 0 0 0 0 0 0 0 0 0 0 0 0 0 0 0 0 0 
15236 1088 84 3 0 0 0 0 0 0 0 0 0 0 0 0 0 0 0 0 0 0 
12667 502 26 0 0 0 0 0 0 0 0 0 0 0 0 0 0 0 0 0 0 0 
10435 221 4 0 0 0 0 0 0 0 0 0 0 0 0 0 0 0 0 0 0 0 
8455 91 0 0 0 0 0 0 0 0 0 0 0 0 0 0 0 0 0 0 0 0 
6635 29 0 0 0 0 0 0 0 0 0 0 0 0 0 0 0 0 0 0 0 0 
5186 4 0 0 0 0 0 0 0 0 0 0 0 0 0 0 0 0 0 0 0 0 
3885 1 0 0 0 0 0 0 0 0 0 0 0 0 0 0 0 0 0 0 0 0 
2826 1 0 0 0 0 0 0 0 0 0 0 0 0 0 0 0 0 0 0 0 0 
2003 0 0 0 0 0 0 0 0 0 0 0 0 0 0 0 0 0 0 0 0 0 
1301 0 0 0 0 0 0 0 0 0 0 0 0 0 0 0 0 0 0 0 0 0 
808 0 0 0 0 0 0 0 0 0 0 0 0 0 0 0 0 0 0 0 0 0 
470 0 0 0 0 0 0 0 0 0 0 0 0 0 0 0 0 0 0 0 0 0 
238 0 0 0 0 0 0 0 0 0 0 0 0 0 0 0 0 0 0 0 0 0 
40000 39944 39872 39629 39459 39220 38924 38550 38094 37626 36956 36229 35373 34397 33242 31928 30331 28470 26339 23455 19769 14182 
25299 181 43 14 6 3 1 1 0 0 0 0 0 0 0 0 0 0 0 0 0 0 
19974 25 1 0 0 0 0 0 0 0 0 0 0 0 0 0 0 0 0 0 0 0 
16508 9 0 0 0 0 0 0 0 0 0 0 0 0 0 0 0 0 0 0 0 0 
14112 4 1 0 0 0 0 0 0 0 0 0 0 0 0 0 0 0 0 0 0 0 
11935 3 0 0 0 0 0 0 0 0 0 0 0 0 0 0 0 0 0 0 0 0 
10198 0 0 0 0 0 0 0 0 0 0 0 0 0 0 0 0 0 0 0 0 0 
8600 0 0 0 0 0 0 0 0 0 0 0 0 0 0 0 0 0 0 0 0 0 
7183 0 0 0 0 0 0 0 0 0 0 0 0 0 0 0 0 0 0 0 0 0 
5942 0 0 0 0 0 0 0 0 0 0 0 0 0 0 0 0 0 0 0 0 0 
4881 0 0 0 0 0 0 0 0 0 0 0 0 0 0 0 0 0 0 0 0 0 
3887 0 0 0 0 0 0 0 0 0 0 0 0 0 0 0 0 0 0 0 0 0 
3060 0 0 0 0 0 0 0 0 0 0 0 0 0 0 0 0 0 0 0 0 0 
2278 0 0 0 0 0 0 0 0 0 0 0 0 0 0 0 0 0 0 0 0 0 
1639 0 0 0 0 0 0 0 0 0 0 0 0 0 0 0 0 0 0 0 0 0 
1079 0 0 0 0 0 0 0 0 0 0 0 0 0 0 0 0 0 0 0 0 0 
714 0 0 0 0 0 0 0 0 0 0 0 0 0 0 0 0 0 0 0 0 0 
430 0 0 0 0 0 0 0 0 0 0 0 0 0 0 0 0 0 0 0 0 0 
40000 39903 39814 39408 39058 38574 38127 37400 36656 35668 34540 33120 31580 29732 27566 25242 22659 19789 16734 13361 9646 5768 
32805 10916 5355 2832 1677 1007 624 367 207 107 50 23 7 2 0 1 0 0 0 0 0 0 
27985 4339 1043 238 40 12 2 0 0 0 0 0 0 0 0 0 0 0 0 0 0 0 
24129 2228 323 37 1 0 0 0 0 0 0 0 0 0 0 0 0 0 0 0 0 0 
20807 1180 115 2 0 0 0 0 0 0 0 0 0 0 0 0 0 0 0 0 0 0 
17722 560 30 0 0 0 0 0 0 0 0 0 0 0 0 0 0 0 0 0 0 0 
15095 294 9 0 0 0 0 0 0 0 0 0 0 0 0 0 0 0 0 0 0 0 
12615 135 2 0 0 0 0 0 0 0 0 0 0 0 0 0 0 0 0 0 0 0 
10436 49 0 0 0 0 0 0 0 0 0 0 0 0 0 0 0 0 0 0 0 0 
8297 21 0 0 0 0 0 0 0 0 0 0 0 0 0 0 0 0 0 0 0 0 
6553 8 0 0 0 0 0 0 0 0 0 0 0 0 0 0 0 0 0 0 0 0 
4977 2 0 0 0 0 0 0 0 0 0 0 0 0 0 0 0 0 0 0 0 0 
3737 1 0 0 0 0 0 0 0 0 0 0 0 0 0 0 0 0 0 0 0 0 
2680 0 0 0 0 0 0 0 0 0 0 0 0 0 0 0 0 0 0 0 0 0 
1788 0 0 0 0 0 0 0 0 0 0 0 0 0 0 0 0 0 0 0 0 0 
1164 0 0 0 0 0 0 0 0 0 0 0 0 0 0 0 0 0 0 0 0 0 
671 0 0 0 0 0 0 0 0 0 0 0 0 0 0 0 0 0 0 0 0 0 
348 0 0 0 0 0 0 0 0 0 0 0 0 0 0 0 0 0 0 0 0 0 
40000 39931 39852 39615 39420 39143 38813 38370 37911 37329 36722 35870 34944 33710 32418 30849 28962 26811 24261 21264 17374 11807 
27540 68 10 3 2 0 1 0 0 0 0 0 0 0 0 0 0 0 0 0 0 0 
22225 4 0 0 0 0 0 0 0 0 0 0 0 0 0 0 0 0 0 0 0 0 
18727 1 0 0 0 0 0 0 0 0 0 0 0 0 0 0 0 0 0 0 0 0 
15963 0 0 0 0 0 0 0 0 0 0 0 0 0 0 0 0 0 0 0 0 0 
13695 0 0 0 0 0 0 0 0 0 0 0 0 0 0 0 0 0 0 0 0 0 
11605 0 0 0 0 0 0 0 0 0 0 0 0 0 0 0 0 0 0 0 0 0 
9758 0 0 0 0 0 0 0 0 0 0 0 0 0 0 0 0 0 0 0 0 0 
8303 0 0 0 0 0 0 0 0 0 0 0 0 0 0 0 0 0 0 0 0 0 
6780 0 0 0 0 0 0 0 0 0 0 0 0 0 0 0 0 0 0 0 0 0 
5500 0 0 0 0 0 0 0 0 0 0 0 0 0 0 0 0 0 0 0 0 0 
4340 0 0 0 0 0 0 0 0 0 0 0 0 0 0 0 0 0 0 0 0 0 
3351 0 0 0 0 0 0 0 0 0 0 0 0 0 0 0 0 0 0 0 0 0 
2475 0 0 0 0 0 0 0 0 0 0 0 0 0 0 0 0 0 0 0 0 0 
1783 0 0 0 0 0 0 0 0 0 0 0 0 0 0 0 0 0 0 0 0 0 
1239 0 0 0 0 0 0 0 0 0 0 0 0 0 0 0 0 0 0 0 0 0 
784 0 0 0 0 0 0 0 0 0 0 0 0 0 0 0 0 0 0 0 0 0 
467 0 0 0 0 0 0 0 0 0 0 0 0 0 0 0 0 0 0 0 0 0 
40000 39928 39869 39636 39379 39149 38795 38253 37836 37227 36547 35763 34716 33592 32261 30650 28829 26693 24156 21066 17165 11704 
27561 32 3 0 0 0 0 0 0 0 0 0 0 0 0 0 0 0 0 0 0 0 
22371 2 0 0 0 0 0 0 0 0 0 0 0 0 0 0 0 0 0 0 0 0 
18920 1 0 0 0 0 0 0 0 0 0 0 0 0 0 0 0 0 0 0 0 0 
16196 0 0 0 0 0 0 0 0 0 0 0 0 0 0 0 0 0 0 0 0 0 
13766 0 0 0 0 0 0 0 0 0 0 0 0 0 0 0 0 0 0 0 0 0 
11827 0 0 0 0 0 0 0 0 0 0 0 0 0 0 0 0 0 0 0 0 0 
10030 0 0 0 0 0 0 0 0 0 0 0 0 0 0 0 0 0 0 0 0 0 
8451 0 0 0 0 0 0 0 0 0 0 0 0 0 0 0 0 0 0 0 0 0 
6966 0 0 0 0 0 0 0 0 0 0 0 0 0 0 0 0 0 0 0 0 0 
5616 0 0 0 0 0 0 0 0 0 0 0 0 0 0 0 0 0 0 0 0 0 
4471 0 0 0 0 0 0 0 0 0 0 0 0 0 0 0 0 0 0 0 0 0 
3482 0 0 0 0 0 0 0 0 0 0 0 0 0 0 0 0 0 0 0 0 0 
2586 0 0 0 0 0 0 0 0 0 0 0 0 0 0 0 0 0 0 0 0 0 
1849 0 0 0 0 0 0 0 0 0 0 0 0 0 0 0 0 0 0 0 0 0 
1313 0 0 0 0 0 0 0 0 0 0 0 0 0 0 0 0 0 0 0 0 0 
838 0 0 0 0 0 0 0 0 0 0 0 0 0 0 0 0 0 0 0 0 0 
505 0 0 0 0 0 0 0 0 0 0 0 0 0 0 0 0 0 0 0 0 0 
40000 39952 39900 39710 39538 39283 39065 38774 38435 37974 37479 36962 36234 35517 34554 33475 32258 30731 28824 26473 23323 18273 
21364 0 0 0 0 0 0 0 0 0 0 0 0 0 0 0 0 0 0 0 0 0 
16553 0 0 0 0 0 0 0 0 0 0 0 0 0 0 0 0 0 0 0 0 0 
13680 0 0 0 0 0 0 0 0 0 0 0 0 0 0 0 0 0 0 0 0 0 
11453 0 0 0 0 0 0 0 0 0 0 0 0 0 0 0 0 0 0 0 0 0 
9755 0 0 0 0 0 0 0 0 0 0 0 0 0 0 0 0 0 0 0 0 0 
8184 0 0 0 0 0 0 0 0 0 0 0 0 0 0 0 0 0 0 0 0 0 
6874 0 0 0 0 0 0 0 0 0 0 0 0 0 0 0 0 0 0 0 0 0 
5773 0 0 0 0 0 0 0 0 0 0 0 0 0 0 0 0 0 0 0 0 0 
4786 0 0 0 0 0 0 0 0 0 0 0 0 0 0 0 0 0 0 0 0 0 
3910 0 0 0 0 0 0 0 0 0 0 0 0 0 0 0 0 0 0 0 0 0 
3136 0 0 0 0 0 0 0 0 0 0 0 0 0 0 0 0 0 0 0 0 0 
2446 0 0 0 0 0 0 0 0 0 0 0 0 0 0 0 0 0 0 0 0 0 
1891 0 0 0 0 0 0 0 0 0 0 0 0 0 0 0 0 0 0 0 0 0 
1408 0 0 0 0 0 0 0 0 0 0 0 0 0 0 0 0 0 0 0 0 0 
980 0 0 0 0 0 0 0 0 0 0 0 0 0 0 0 0 0 0 0 0 0 
656 0 0 0 0 0 0 0 0 0 0 0 0 0 0 0 0 0 0 0 0 0 
417 0 0 0 0 0 0 0 0 0 0 0 0 0 0 0 0 0 0 0 0 0 
20000 19922 19773 19374 18328 17624 16318 15227 13387 11928 10323 8772 7138 5935 4640 3769 2960 2339 1777 1389 988 721 
18638 17806 16506 14582 10756 8193 5213 3453 1871 1055 400 155 90 43 17 7 9 5 2 0 0 0 
15660 13161 9238 5265 1417 532 101 40 11 4 2 2 1 1 0 0 0 0 0 0 0 0 
13181 9422 4743 1663 178 41 6 0 3 0 0 0 0 0 0 0 0 0 0 0 0 0 
9863 5338 1714 351 24 6 0 0 0 0 0 0 0 0 0 0 0 0 0 0 0 0 
7391 2955 568 68 3 0 0 0 0 0 0 0 0 0 0 0 0 0 0 0 0 0 
5007 1336 166 27 0 0 0 0 0 0 0 0 0 0 0 0 0 0 0 0 0 0 
3362 562 64 9 0 0 0 0 0 0 0 0 0 0 0 0 0 0 0 0 0 0 
2082 202 21 4 0 0 0 0 0 0 0 0 0 0 0 0 0 0 0 0 0 0 
1216 79 11 1 0 0 0 0 0 0 0 0 0 0 0 0 0 0 0 0 0 0 
698 35 2 1 0 0 0 0 0 0 0 0 0 0 0 0 0 0 0 0 0 0 
388 11 0 0 0 0 0 0 0 0 0 0 0 0 0 0 0 0 0 0 0 0 
189 3 0 0 0 0 0 0 0 0 0 0 0 0 0 0 0 0 0 0 0 0 
80 2 2 0 0 0 0 0 0 0 0 0 0 0 0 0 0 0 0 0 0 0 
32 2 0 0 0 0 0 0 0 0 0 0 0 0 0 0 0 0 0 0 0 0 
13 1 1 0 0 0 0 0 0 0 0 0 0 0 0 0 0 0 0 0 0 0 
4 0 0 0 0 0 0 0 0 0 0 0 0 0 0 0 0 0 0 0 0 0 
1 0 0 0 0 0 0 0 0 0 0 0 0 0 0 0 0 0 0 0 0 0 
20000 19943 19876 19505 19030 18422 17520 16544 15413 14114 12820 11403 10213 8915 7899 6816 5921 5067 4249 3430 2663 1843 
17244 14836 12533 9641 6954 4794 3017 1831 1000 488 180 66 28 3 1 1 0 0 0 0 0 0 
14734 10393 6529 3030 1100 296 68 6 1 0 0 0 0 0 0 0 0 0 0 0 0 0 
12357 6965 3159 768 110 11 0 0 0 0 0 0 0 0 0 0 0 0 0 0 0 0 
10091 4193 1263 124 9 0 0 0 0 0 0 0 0 0 0 0 0 0 0 0 0 0 
7819 2267 400 13 0 0 0 0 0 0 0 0 0 0 0 0 0 0 0 0 0 0 
5934 1099 98 0 0 0 0 0 0 0 0 0 0 0 0 0 0 0 0 0 0 0 
4234 452 17 0 0 0 0 0 0 0 0 0 0 0 0 0 0 0 0 0 0 0 
2891 163 3 0 0 0 0 0 0 0 0 0 0 0 0 0 0 0 0 0 0 0 
1949 49 0 0 0 0 0 0 0 0 0 0 0 0 0 0 0 0 0 0 0 0 
1293 11 0 0 0 0 0 0 0 0 0 0 0 0 0 0 0 0 0 0 0 0 
778 1 0 0 0 0 0 0 0 0 0 0 0 0 0 0 0 0 0 0 0 0 
480 0 0 0 0 0 0 0 0 0 0 0 0 0 0 0 0 0 0 0 0 0 
292 1 0 0 0 0 0 0 0 0 0 0 0 0 0 0 0 0 0 0 0 0 
179 0 0 0 0 0 0 0 0 0 0 0 0 0 0 0 0 0 0 0 0 0 
90 0 0 0 0 0 0 0 0 0 0 0 0 0 0 0 0 0 0 0 0 0 
37 0 0 0 0 0 0 0 0 0 0 0 0 0 0 0 0 0 0 0 0 0 
20 0 0 0 0 0 0 0 0 0 0 0 0 0 0 0 0 0 0 0 0 0 
20000 19949 19867 19571 19063 18623 18018 17292 16378 15462 14534 13448 12289 11167 10050 9000 7925 6912 5885 4843 3774 2645 
16560 13193 10347 7504 5273 3636 2364 1443 821 415 211 85 30 8 0 0 0 0 0 0 0 0 
13622 8228 4451 1831 625 186 38 6 1 0 0 0 0 0 0 0 0 0 0 0 0 0 
11193 5210 2026 416 48 3 0 0 0 0 0 0 0 0 0 0 0 0 0 0 0 0 
9204 3090 730 69 4 1 0 0 0 0 0 0 0 0 0 0 0 0 0 0 0 0 
7295 1670 236 6 0 0 0 0 0 0 0 0 0 0 0 0 0 0 0 0 0 0 
5683 823 77 5 0 0 0 0 0 0 0 0 0 0 0 0 0 0 0 0 0 0 
4361 362 15 0 0 0 0 0 0 0 0 0 0 0 0 0 0 0 0 0 0 0 
3170 154 4 0 0 0 0 0 0 0 0 0 0 0 0 0 0 0 0 0 0 0 
2253 48 0 0 0 0 0 0 0 0 0 0 0 0 0 0 0 0 0 0 0 0 
1539 15 1 0 0 0 0 0 0 0 0 0 0 0 0 0 0 0 0 0 0 0 
1072 3 0 0 0 0 0 0 0 0 0 0 0 0 0 0 0 0 0 0 0 0 
689 0 0 0 0 0 0 0 0 0 0 0 0 0 0 0 0 0 0 0 0 0 
432 0 0 0 0 0 0 0 0 0 0 0 0 0 0 0 0 0 0 0 0 0 
252 0 0 0 0 0 0 0 0 0 0 0 0 0 0 0 0 0 0 0 0 0 
143 0 0 0 0 0 0 0 0 0 0 0 0 0 0 0 0 0 0 0 0 0 
77 0 0 0 0 0 0 0 0 0 0 0 0 0 0 0 0 0 0 0 0 0 
48 0 0 0 0 0 0 0 0 0 0 0 0 0 0 0 0 0 0 0 0 0 
20000 19973 19954 19826 19721 19567 19430 19224 19029 18699 18385 18033 17616 17086 16488 15761 14971 13990 12832 11477 9680 7218 
12399 1763 786 424 239 144 84 62 35 17 5 0 0 0 0 0 0 0 0 0 0 0 
9832 569 146 34 8 3 0 0 0 0 0 0 0 0 0 0 0 0 0 0 0 0 
8172 337 58 9 1 1 0 0 0 0 0 0 0 0 0 0 0 0 0 0 0 0 
6830 190 23 2 0 0 0 0 0 0 0 0 0 0 0 0 0 0 0 0 0 0 
5742 100 8 0 0 0 0 0 0 0 0 0 0 0 0 0 0 0 0 0 0 0 
4859 55 2 0 0 0 0 0 0 0 0 0 0 0 0 0 0 0 0 0 0 0 
4092 41 1 0 0 0 0 0 0 0 0 0 0 0 0 0 0 0 0 0 0 0 
3383 15 0 0 0 0 0 0 0 0 0 0 0 0 0 0 0 0 0 0 0 0 
2791 3 0 0 0 0 0 0 0 0 0 0 0 0 0 0 0 0 0 0 0 0 
2220 0 0 0 0 0 0 0 0 0 0 0 0 0 0 0 0 0 0 0 0 0 
1685 0 0 0 0 0 0 0 0 0 0 0 0 0 0 0 0 0 0 0 0 0 
1291 0 0 0 0 0 0 0 0 0 0 0 0 0 0 0 0 0 0 0 0 0 
950 0 0 0 0 0 0 0 0 0 0 0 0 0 0 0 0 0 0 0 0 0 
691 0 0 0 0 0 0 0 0 0 0 0 0 0 0 0 0 0 0 0 0 0 
466 0 0 0 0 0 0 0 0 0 0 0 0 0 0 0 0 0 0 0 0 0 
299 0 0 0 0 0 0 0 0 0 0 0 0 0 0 0 0 0 0 0 0 0 
173 0 0 0 0 0 0 0 0 0 0 0 0 0 0 0 0 0 0 0 0 0 
20000 19966 19884 19611 19301 18877 18387 17918 17183 16425 15548 14598 13572 12439 11375 10135 8903 7675 6337 5172 3741 2407 
16769 11324 7808 5220 3390 2262 1418 850 471 244 105 39 8 2 0 0 0 0 0 0 0 0 
14113 6208 2729 942 268 91 23 4 1 0 0 0 0 0 0 0 0 0 0 0 0 0 
11915 3661 1088 202 24 5 1 0 0 0 0 0 0 0 0 0 0 0 0 0 0 0 
9944 2104 373 33 5 0 0 0 0 0 0 0 0 0 0 0 0 0 0 0 0 0 
8233 1156 115 5 0 0 0 0 0 0 0 0 0 0 0 0 0 0 0 0 0 0 
6685 568 29 3 0 0 0 0 0 0 0 0 0 0 0 0 0 0 0 0 0 0 
5343 232 7 0 0 0 0 0 0 0 0 0 0 0 0 0 0 0 0 0 0 0 
4175 92 3 0 0 0 0 0 0 0 0 0 0 0 0 0 0 0 0 0 0 0 
3142 31 2 0 0 0 0 0 0 0 0 0 0 0 0 0 0 0 0 0 0 0 
2356 8 1 0 0 0 0 0 0 0 0 0 0 0 0 0 0 0 0 0 0 0 
1693 3 1 0 0 0 0 0 0 0 0 0 0 0 0 0 0 0 0 0 0 0 
1145 0 0 0 0 0 0 0 0 0 0 0 0 0 0 0 0 0 0 0 0 0 
781 0 0 0 0 0 0 0 0 0 0 0 0 0 0 0 0 0 0 0 0 0 
521 0 0 0 0 0 0 0 0 0 0 0 0 0 0 0 0 0 0 0 0 0 
296 0 0 0 0 0 0 0 0 0 0 0 0 0 0 0 0 0 0 0 0 0 
182 0 0 0 0 0 0 0 0 0 0 0 0 0 0 0 0 0 0 0 0 0 
94 0 0 0 0 0 0 0 0 0 0 0 0 0 0 0 0 0 0 0 0 0 
20000 19970 19948 19798 19677 19528 19359 19143 18893 18576 18169 17728 17255 16687 16054 15253 14329 13248 11978 10436 8488 5815 
13849 569 162 68 37 25 17 13 7 3 1 0 0 0 0 0 0 0 0 0 0 0 
11198 127 20 3 2 1 0 0 0 0 0 0 0 0 0 0 0 0 0 0 0 0 
9452 47 5 0 0 0 0 0 0 0 0 0 0 0 0 0 0 0 0 0 0 0 
8108 17 1 0 0 0 0 0 0 0 0 0 0 0 0 0 0 0 0 0 0 0 
6925 9 0 0 0 0 0 0 0 0 0 0 0 0 0 0 0 0 0 0 0 0 
5857 4 0 0 0 0 0 0 0 0 0 0 0 0 0 0 0 0 0 0 0 0 
5007 4 0 0 0 0 0 0 0 0 0 0 0 0 0 0 0 0 0 0 0 0 
4163 2 0 0 0 0 0 0 0 0 0 0 0 0 0 0 0 0 0 0 0 0 
3484 0 0 0 0 0 0 0 0 0 0 0 0 0 0 0 0 0 0 0 0 0 
2816 0 0 0 0 0 0 0 0 0 0 0 0 0 0 0 0 0 0 0 0 0 
2300 0 0 0 0 0 0 0 0 0 0 0 0 0 0 0 0 0 0 0 0 0 
1748 0 0 0 0 0 0 0 0 0 0 0 0 0 0 0 0 0 0 0 0 0 
1345 0 0 0 0 0 0 0 0 0 0 0 0 0 0 0 0 0 0 0 0 0 
962 0 0 0 0 0 0 0 0 0 0 0 0 0 0 0 0 0 0 0 0 0 
660 0 0 0 0 0 0 0 0 0 0 0 0 0 0 0 0 0 0 0 0 0 
399 0 0 0 0 0 0 0 0 0 0 0 0 0 0 0 0 0 0 0 0 0 
251 0 0 0 0 0 0 0 0 0 0 0 0 0 0 0 0 0 0 0 0 0 
20000 19960 19921 19806 19640 19529 19349 19153 18819 18587 18210 17712 17249 16641 16035 15162 14185 13033 11708 10093 8095 5468 
14161 345 82 29 14 9 5 2 2 1 0 0 0 0 0 0 0 0 0 0 0 0 
11628 76 6 0 0 0 0 0 0 0 0 0 0 0 0 0 0 0 0 0 0 0 
9891 31 4 0 0 0 0 0 0 0 0 0 0 0 0 0 0 0 0 0 0 0 
8354 11 0 0 0 0 0 0 0 0 0 0 0 0 0 0 0 0 0 0 0 0 
7156 7 0 0 0 0 0 0 0 0 0 0 0 0 0 0 0 0 0 0 0 0 
6132 2 0 0 0 0 0 0 0 0 0 0 0 0 0 0 0 0 0 0 0 0 
5162 0 0 0 0 0 0 0 0 0 0 0 0 0 0 0 0 0 0 0 0 0 
4302 0 0 0 0 0 0 0 0 0 0 0 0 0 0 0 0 0 0 0 0 0 
3579 0 0 0 0 0 0 0 0 0 0 0 0 0 0 0 0 0 0 0 0 0 
2900 0 0 0 0 0 0 0 0 0 0 0 0 0 0 0 0 0 0 0 0 0 
2301 0 0 0 0 0 0 0 0 0 0 0 0 0 0 0 0 0 0 0 0 0 
1784 0 0 0 0 0 0 0 0 0 0 0 0 0 0 0 0 0 0 0 0 0 
1359 0 0 0 0 0 0 0 0 0 0 0 0 0 0 0 0 0 0 0 0 0 
977 0 0 0 0 0 0 0 0 0 0 0 0 0 0 0 0 0 0 0 0 0 
656 0 0 0 0 0 0 0 0 0 0 0 0 0 0 0 0 0 0 0 0 0 
419 0 0 0 0 0 0 0 0 0 0 0 0 0 0 0 0 0 0 0 0 0 
258 0 0 0 0 0 0 0 0 0 0 0 0 0 0 0 0 0 0 0 0 0 
20000 19978 19953 19839 19794 19625 19485 19330 19131 18924 18684 18362 17984 17539 17079 16471 15783 14951 13999 12750 11106 8559 
11276 0 0 0 0 0 0 0 0 0 0 0 0 0 0 0 0 0 0 0 0 0 
8806 0 0 0 0 0 0 0 0 0 0 0 0 0 0 0 0 0 0 0 0 0 
7298 0 0 0 0 0 0 0 0 0 0 0 0 0 0 0 0 0 0 0 0 0 
6102 0 0 0 0 0 0 0 0 0 0 0 0 0 0 0 0 0 0 0 0 0 
5190 0 0 0 0 0 0 0 0 0 0 0 0 0 0 0 0 0 0 0 0 0 
4466 0 0 0 0 0 0 0 0 0 0 0 0 0 0 0 0 0 0 0 0 0 
3745 0 0 0 0 0 0 0 0 0 0 0 0 0 0 0 0 0 0 0 0 0 
3108 0 0 0 0 0 0 0 0 0 0 0 0 0 0 0 0 0 0 0 0 0 
2630 0 0 0 0 0 0 0 0 0 0 0 0 0 0 0 0 0 0 0 0 0 
2149 0 0 0 0 0 0 0 0 0 0 0 0 0 0 0 0 0 0 0 0 0 
1726 0 0 0 0 0 0 0 0 0 0 0 0 0 0 0 0 0 0 0 0 0 
1339 0 0 0 0 0 0 0 0 0 0 0 0 0 0 0 0 0 0 0 0 0 
1003 0 0 0 0 0 0 0 0 0 0 0 0 0 0 0 0 0 0 0 0 0 
747 0 0 0 0 0 0 0 0 0 0 0 0 0 0 0 0 0 0 0 0 0 
529 0 0 0 0 0 0 0 0 0 0 0 0 0 0 0 0 0 0 0 0 0 
348 0 0 0 0 0 0 0 0 0 0 0 0 0 0 0 0 0 0 0 0 0 
212 0 0 0 0 0 0 0 0 0 0 0 0 0 0 0 0 0 0 0 0 0 
20000 19946 19879 19655 19420 19104 18750 18273 17716 17095 16355 15356 14377 13214 11948 10710 9184 7771 6245 4766 3261 1844 
17426 9039 5234 3044 1881 1157 703 416 241 125 46 24 9 1 1 1 0 0 0 0 0 0 
15074 4433 1398 392 74 17 0 0 0 0 0 0 0 0 0 0 0 0 0 0 0 0 
13097 2452 495 77 6 0 0 0 0 0 0 0 0 0 0 0 0 0 0 0 0 0 
11347 1338 160 7 0 0 0 0 0 0 0 0 0 0 0 0 0 0 0 0 0 0 
9597 694 39 2 0 0 0 0 0 0 0 0 0 0 0 0 0 0 0 0 0 0 
8116 322 11 1 0 0 0 0 0 0 0 0 0 0 0 0 0 0 0 0 0 0 
6586 134 2 0 0 0 0 0 0 0 0 0 0 0 0 0 0 0 0 0 0 0 
5350 60 0 0 0 0 0 0 0 0 0 0 0 0 0 0 0 0 0 0 0 0 
4298 21 0 0 0 0 0 0 0 0 0 0 0 0 0 0 0 0 0 0 0 0 
3239 4 0 0 0 0 0 0 0 0 0 0 0 0 0 0 0 0 0 0 0 0 
2401 2 0 0 0 0 0 0 0 0 0 0 0 0 0 0 0 0 0 0 0 0 
1735 1 0 0 0 0 0 0 0 0 0 0 0 0 0 0 0 0 0 0 0 0 
1188 0 0 0 0 0 0 0 0 0 0 0 0 0 0 0 0 0 0 0 0 0 
773 0 0 0 0 0 0 0 0 0 0 0 0 0 0 0 0 0 0 0 0 0 
477 0 0 0 0 0 0 0 0 0 0 0 0 0 0 0 0 0 0 0 0 0 
246 0 0 0 0 0 0 0 0 0 0 0 0 0 0 0 0 0 0 0 0 0 
117 0 0 0 0 0 0 0 0 0 0 0 0 0 0 0 0 0 0 0 0 0 
20000 19964 19913 19770 19660 19505 19259 19045 18770 18403 18099 17583 16972 16356 15571 14616 13590 12324 10907 9170 7132 4462 
15107 129 16 7 4 2 2 1 1 0 0 0 0 0 0 0 0 0 0 0 0 0 
12555 21 1 0 0 0 0 0 0 0 0 0 0 0 0 0 0 0 0 0 0 0 
10729 11 0 0 0 0 0 0 0 0 0 0 0 0 0 0 0 0 0 0 0 0 
9262 6 0 0 0 0 0 0 0 0 0 0 0 0 0 0 0 0 0 0 0 0 
7923 2 0 0 0 0 0 0 0 0 0 0 0 0 0 0 0 0 0 0 0 0 
6824 1 0 0 0 0 0 0 0 0 0 0 0 0 0 0 0 0 0 0 0 0 
5814 0 0 0 0 0 0 0 0 0 0 0 0 0 0 0 0 0 0 0 0 0 
4793 2 0 0 0 0 0 0 0 0 0 0 0 0 0 0 0 0 0 0 0 0 
3996 0 0 0 0 0 0 0 0 0 0 0 0 0 0 0 0 0 0 0 0 0 
3224 0 0 0 0 0 0 0 0 0 0 0 0 0 0 0 0 0 0 0 0 0 
2521 0 0 0 0 0 0 0 0 0 0 0 0 0 0 0 0 0 0 0 0 0 
2001 0 0 0 0 0 0 0 0 0 0 0 0 0 0 0 0 0 0 0 0 0 
1480 0 0 0 0 0 0 0 0 0 0 0 0 0 0 0 0 0 0 0 0 0 
1038 0 0 0 0 0 0 0 0 0 0 0 0 0 0 0 0 0 0 0 0 0 
734 0 0 0 0 0 0 0 0 0 0 0 0 0 0 0 0 0 0 0 0 0 
455 0 0 0 0 0 0 0 0 0 0 0 0 0 0 0 0 0 0 0 0 0 
267 0 0 0 0 0 0 0 0 0 0 0 0 0 0 0 0 0 0 0 0 0 
20000 19944 19923 19778 19656 19466 19266 18996 18725 18408 17945 17541 16926 16224 15422 14544 13456 12162 10716 9084 6998 4330 
15248 81 10 1 1 0 0 0 0 0 0 0 0 0 0 0 0 0 0 0 0 0 
12712 6 0 0 0 0 0 0 0 0 0 0 0 0 0 0 0 0 0 0 0 0 
10896 1 0 0 0 0 0 0 0 0 0 0 0 0 0 0 0 0 0 0 0 0 
9359 1 0 0 0 0 0 0 0 0 0 0 0 0 0 0 0 0 0 0 0 0 
8085 2 0 0 0 0 0 0 0 0 0 0 0 0 0 0 0 0 0 0 0 0 
6871 2 0 0 0 0 0 0 0 0 0 0 0 0 0 0 0 0 0 0 0 0 
5951 0 0 0 0 0 0 0 0 0 0 0 0 0 0 0 0 0 0 0 0 0 
4966 0 0 0 0 0 0 0 0 0 0 0 0 0 0 0 0 0 0 0 0 0 
4148 0 0 0 0 0 0 0 0 0 0 0 0 0 0 0 0 0 0 0 0 0 
3368 0 0 0 0 0 0 0 0 0 0 0 0 0 0 0 0 0 0 0 0 0 
2622 0 0 0 0 0 0 0 0 0 0 0 0 0 0 0 0 0 0 0 0 0 
2032 0 0 0 0 0 0 0 0 0 0 0 0 0 0 0 0 0 0 0 0 0 
1526 0 0 0 0 0 0 0 0 0 0 0 0 0 0 0 0 0 0 0 0 0 
1103 0 0 0 0 0 0 0 0 0 0 0 0 0 0 0 0 0 0 0 0 0 
723 0 0 0 0 0 0 0 0 0 0 0 0 0 0 0 0 0 0 0 0 0 
490 0 0 0 0 0 0 0 0 0 0 0 0 0 0 0 0 0 0 0 0 0 
285 0 0 0 0 0 0 0 0 0 0 0 0 0 0 0 0 0 0 0 0 0 
20000 19971 19933 19835 19707 19583 19465 19219 19003 18780 18490 18148 17757 17264 16682 16045 15313 14443 13331 11967 10096 7379 
12357 0 0 0 0 0 0 0 0 0 0 0 0 0 0 0 0 0 0 0 0 0 
9733 0 0 0 0 0 0 0 0 0 0 0 0 0 0 0 0 0 0 0 0 0 
8129 0 0 0 0 0 0 0 0 0 0 0 0 0 0 0 0 0 0 0 0 0 
6836 0 0 0 0 0 0 0 0 0 0 0 0 0 0 0 0 0 0 0 0 0 
5802 0 0 0 0 0 0 0 0 0 0 0 0 0 0 0 0 0 0 0 0 0 
4914 0 0 0 0 0 0 0 0 0 0 0 0 0 0 0 0 0 0 0 0 0 
4205 0 0 0 0 0 0 0 0 0 0 0 0 0 0 0 0 0 0 0 0 0 
3578 0 0 0 0 0 0 0 0 0 0 0 0 0 0 0 0 0 0 0 0 0 
2940 0 0 0 0 0 0 0 0 0 0 0 0 0 0 0 0 0 0 0 0 0 
2413 0 0 0 0 0 0 0 0 0 0 0 0 0 0 0 0 0 0 0 0 0 
1942 0 0 0 0 0 0 0 0 0 0 0 0 0 0 0 0 0 0 0 0 0 
1531 0 0 0 0 0 0 0 0 0 0 0 0 0 0 0 0 0 0 0 0 0 
1147 0 0 0 0 0 0 0 0 0 0 0 0 0 0 0 0 0 0 0 0 0 
861 0 0 0 0 0 0 0 0 0 0 0 0 0 0 0 0 0 0 0 0 0 
596 0 0 0 0 0 0 0 0 0 0 0 0 0 0 0 0 0 0 0 0 0 
369 0 0 0 0 0 0 0 0 0 0 0 0 0 0 0 0 0 0 0 0 0 
236 0 0 0 0 0 0 0 0 0 0 0 0 0 0 0 0 0 0 0 0 0 
20000 19957 19913 19764 19627 19501 19261 18996 18715 18314 17828 17376 16835 16137 15366 14479 13398 12013 10659 8925 6949 4288 
15263 44 5 2 0 0 0 0 0 0 0 0 0 0 0 0 0 0 0 0 0 0 
12740 2 0 0 0 0 0 0 0 0 0 0 0 0 0 0 0 0 0 0 0 0 
10975 1 0 0 0 0 0 0 0 0 0 0 0 0 0 0 0 0 0 0 0 0 
9560 1 0 0 0 0 0 0 0 0 0 0 0 0 0 0 0 0 0 0 0 0 
8190 1 0 0 0 0 0 0 0 0 0 0 0 0 0 0 0 0 0 0 0 0 
7056 1 0 0 0 0 0 0 0 0 0 0 0 0 0 0 0 0 0 0 0 0 
5947 1 0 0 0 0 0 0 0 0 0 0 0 0 0 0 0 0 0 0 0 0 
5019 1 0 0 0 0 0 0 0 0 0 0 0 0 0 0 0 0 0 0 0 0 
4172 0 0 0 0 0 0 0 0 0 0 0 0 0 0 0 0 0 0 0 0 0 
3450 0 0 0 0 0 0 0 0 0 0 0 0 0 0 0 0 0 0 0 0 0 
2705 0 0 0 0 0 0 0 0 0 0 0 0 0 0 0 0 0 0 0 0 0 
2133 0 0 0 0 0 0 0 0 0 0 0 0 0 0 0 0 0 0 0 0 0 
1660 0 0 0 0 0 0 0 0 0 0 0 0 0 0 0 0 0 0 0 0 0 
1137 0 0 0 0 0 0 0 0 0 0 0 0 0 0 0 0 0 0 0 0 0 
806 0 0 0 0 0 0 0 0 0 0 0 0 0 0 0 0 0 0 0 0 0 
528 0 0 0 0 0 0 0 0 0 0 0 0 0 0 0 0 0 0 0 0 0 
299 0 0 0 0 0 0 0 0 0 0 0 0 0 0 0 0 0 0 0 0 0 
20000 19965 19944 19841 19716 19620 19404 19233 19044 18747 18450 18139 17753 17296 16722 16121 15278 14445 13270 11944 10096 7287 
12425 0 0 0 0 0 0 0 0 0 0 0 0 0 0 0 0 0 0 0 0 0 
9777 0 0 0 0 0 0 0 0 0 0 0 0 0 0 0 0 0 0 0 0 0 
8142 0 0 0 0 0 0 0 0 0 0 0 0 0 0 0 0 0 0 0 0 0 
6850 0 0 0 0 0 0 0 0 0 0 0 0 0 0 0 0 0 0 0 0 0 
5803 0 0 0 0 0 0 0 0 0 0 0 0 0 0 0 0 0 0 0 0 0 
4902 0 0 0 0 0 0 0 0 0 0 0 0 0 0 0 0 0 0 0 0 0 
4243 0 0 0 0 0 0 0 0 0 0 0 0 0 0 0 0 0 0 0 0 0 
3521 0 0 0 0 0 0 0 0 0 0 0 0 0 0 0 0 0 0 0 0 0 
2932 0 0 0 0 0 0 0 0 0 0 0 0 0 0 0 0 0 0 0 0 0 
2399 0 0 0 0 0 0 0 0 0 0 0 0 0 0 0 0 0 0 0 0 0 
1931 0 0 0 0 0 0 0 0 0 0 0 0 0 0 0 0 0 0 0 0 0 
1511 0 0 0 0 0 0 0 0 0 0 0 0 0 0 0 0 0 0 0 0 0 
1144 0 0 0 0 0 0 0 0 0 0 0 0 0 0 0 0 0 0 0 0 0 
852 0 0 0 0 0 0 0 0 0 0 0 0 0 0 0 0 0 0 0 0 0 
607 0 0 0 0 0 0 0 0 0 0 0 0 0 0 0 0 0 0 0 0 0 
407 0 0 0 0 0 0 0 0 0 0 0 0 0 0 0 0 0 0 0 0 0 
239 0 0 0 0 0 0 0 0 0 0 0 0 0 0 0 0 0 0 0 0 0 
20000 19967 19940 19822 19711 19604 19440 19253 19047 18834 18498 18159 17717 17300 16728 16131 15388 14408 13304 11851 10042 7323 
12473 0 0 0 0 0 0 0 0 0 0 0 0 0 0 0 0 0 0 0 0 0 
9811 0 0 0 0 0 0 0 0 0 0 0 0 0 0 0 0 0 0 0 0 0 
8128 0 0 0 0 0 0 0 0 0 0 0 0 0 0 0 0 0 0 0 0 0 
6885 0 0 0 0 0 0 0 0 0 0 0 0 0 0 0 0 0 0 0 0 0 
5855 0 0 0 0 0 0 0 0 0 0 0 0 0 0 0 0 0 0 0 0 0 
4942 0 0 0 0 0 0 0 0 0 0 0 0 0 0 0 0 0 0 0 0 0 
4141 0 0 0 0 0 0 0 0 0 0 0 0 0 0 0 0 0 0 0 0 0 
3477 0 0 0 0 0 0 0 0 0 0 0 0 0 0 0 0 0 0 0 0 0 
2872 0 0 0 0 0 0 0 0 0 0 0 0 0 0 0 0 0 0 0 0 0 
2398 0 0 0 0 0 0 0 0 0 0 0 0 0 0 0 0 0 0 0 0 0 
1876 0 0 0 0 0 0 0 0 0 0 0 0 0 0 0 0 0 0 0 0 0 
1493 0 0 0 0 0 0 0 0 0 0 0 0 0 0 0 0 0 0 0 0 0 
1120 0 0 0 0 0 0 0 0 0 0 0 0 0 0 0 0 0 0 0 0 0 
863 0 0 0 0 0 0 0 0 0 0 0 0 0 0 0 0 0 0 0 0 0 
596 0 0 0 0 0 0 0 0 0 0 0 0 0 0 0 0 0 0 0 0 0 
375 0 0 0 0 0 0 0 0 0 0 0 0 0 0 0 0 0 0 0 0 0 
228 0 0 0 0 0 0 0 0 0 0 0 0 0 0 0 0 0 0 0 0 0 
20000 19977 19948 19872 19807 19682 19616 19464 19279 19127 18850 18646 18409 18064 17678 17273 16740 16107 15387 14337 12950 10539 
9370 0 0 0 0 0 0 0 0 0 0 0 0 0 0 0 0 0 0 0 0 0 
7006 0 0 0 0 0 0 0 0 0 0 0 0 0 0 0 0 0 0 0 0 0 
5727 0 0 0 0 0 0 0 0 0 0 0 0 0 0 0 0 0 0 0 0 0 
4756 0 0 0 0 0 0 0 0 0 0 0 0 0 0 0 0 0 0 0 0 0 
4063 0 0 0 0 0 0 0 0 0 0 0 0 0 0 0 0 0 0 0 0 0 
3438 0 0 0 0 0 0 0 0 0 0 0 0 0 0 0 0 0 0 0 0 0 
2877 0 0 0 0 0 0 0 0 0 0 0 0 0 0 0 0 0 0 0 0 0 
2406 0 0 0 0 0 0 0 0 0 0 0 0 0 0 0 0 0 0 0 0 0 
2035 0 0 0 0 0 0 0 0 0 0 0 0 0 0 0 0 0 0 0 0 0 
1702 0 0 0 0 0 0 0 0 0 0 0 0 0 0 0 0 0 0 0 0 0 
1399 0 0 0 0 0 0 0 0 0 0 0 0 0 0 0 0 0 0 0 0 0 
1118 0 0 0 0 0 0 0 0 0 0 0 0 0 0 0 0 0 0 0 0 0 
858 0 0 0 0 0 0 0 0 0 0 0 0 0 0 0 0 0 0 0 0 0 
622 0 0 0 0 0 0 0 0 0 0 0 0 0 0 0 0 0 0 0 0 0 
433 0 0 0 0 0 0 0 0 0 0 0 0 0 0 0 0 0 0 0 0 0 
279 0 0 0 0 0 0 0 0 0 0 0 0 0 0 0 0 0 0 0 0 0 
159 0 0 0 0 0 0 0 0 0 0 0 0 0 0 0 0 0 0 0 0 0 
10000 9954 9892 9691 9040 8716 7997 7405 6363 5688 4794 4027 3186 2572 1979 1611 1258 1015 732 566 387 304 
9367 9020 8489 7668 5587 4307 2758 1826 980 537 198 104 51 29 17 7 8 7 3 0 0 0 
7988 6823 4896 2965 711 279 70 30 2 0 0 1 0 0 0 0 0 0 0 0 0 0 
6678 4996 2645 1068 88 27 3 0 0 0 0 0 0 0 0 0 0 0 0 0 0 0 
5016 2847 940 240 16 6 1 1 0 0 0 0 0 0 0 0 0 0 0 0 0 0 
3785 1636 320 56 2 1 0 0 0 0 0 0 0 0 0 0 0 0 0 0 0 0 
2525 723 100 12 0 0 0 0 0 0 0 0 0 0 0 0 0 0 0 0 0 0 
1652 302 40 6 0 0 0 0 0 0 0 0 0 0 0 0 0 0 0 0 0 0 
983 124 19 6 0 0 0 0 0 0 0 0 0 0 0 0 0 0 0 0 0 0 
583 52 2 1 0 0 0 0 0 0 0 0 0 0 0 0 0 0 0 0 0 0 
286 11 0 0 0 0 0 0 0 0 0 0 0 0 0 0 0 0 0 0 0 0 
141 4 0 0 0 0 0 0 0 0 0 0 0 0 0 0 0 0 0 0 0 0 
78 3 0 0 0 0 0 0 0 0 0 0 0 0 0 0 0 0 0 0 0 0 
39 0 0 0 0 0 0 0 0 0 0 0 0 0 0 0 0 0 0 0 0 0 
17 0 0 0 0 0 0 0 0 0 0 0 0 0 0 0 0 0 0 0 0 0 
5 0 0 0 0 0 0 0 0 0 0 0 0 0 0 0 0 0 0 0 0 0 
6 0 0 0 0 0 0 0 0 0 0 0 0 0 0 0 0 0 0 0 0 0 
3 0 0 0 0 0 0 0 0 0 0 0 0 0 0 0 0 0 0 0 0 0 
10000 9966 9934 9660 9362 8873 8145 7200 6242 5155 4214 3314 2584 1981 1544 1195 928 725 530 384 256 166 
9417 8854 8110 6796 5094 3468 2167 1193 571 233 94 32 9 4 0 0 0 0 0 0 0 0 
8558 7203 5340 2934 1130 382 80 14 5 1 0 0 0 0 0 0 0 0 0 0 0 0 
7632 5430 2966 876 154 18 2 1 0 0 0 0 0 0 0 0 0 0 0 0 0 0 
6344 3482 1246 167 5 0 0 0 0 0 0 0 0 0 0 0 0 0 0 0 0 0 
4910 1862 400 16 0 0 0 0 0 0 0 0 0 0 0 0 0 0 0 0 0 0 
3551 821 106 4 0 0 0 0 0 0 0 0 0 0 0 0 0 0 0 0 0 0 
2343 298 16 0 0 0 0 0 0 0 0 0 0 0 0 0 0 0 0 0 0 0 
1430 90 2 0 0 0 0 0 0 0 0 0 0 0 0 0 0 0 0 0 0 0 
848 19 0 0 0 0 0 0 0 0 0 0 0 0 0 0 0 0 0 0 0 0 
471 4 0 0 0 0 0 0 0 0 0 0 0 0 0 0 0 0 0 0 0 0 
232 0 0 0 0 0 0 0 0 0 0 0 0 0 0 0 0 0 0 0 0 0 
109 0 0 0 0 0 0 0 0 0 0 0 0 0 0 0 0 0 0 0 0 0 
50 0 0 0 0 0 0 0 0 0 0 0 0 0 0 0 0 0 0 0 0 0 
22 0 0 0 0 0 0 0 0 0 0 0 0 0 0 0 0 0 0 0 0 0 
15 0 0 0 0 0 0 0 0 0 0 0 0 0 0 0 0 0 0 0 0 0 
6 0 0 0 0 0 0 0 0 0 0 0 0 0 0 0 0 0 0 0 0 0 
5 0 0 0 0 0 0 0 0 0 0 0 0 0 0 0 0 0 0 0 0 0 
10000 9974 9916 9706 9350 8930 8372 7794 7045 6311 5549 4807 4109 3440 2905 2404 1966 1622 1317 1061 735 478 
9106 8394 7556 6143 4562 3195 2052 1274 723 352 156 59 26 8 2 0 1 0 0 0 0 0 
7792 6179 4192 2120 734 244 37 10 1 0 0 0 0 0 0 0 0 0 0 0 0 0 
6429 4239 2084 606 85 15 2 0 0 0 0 0 0 0 0 0 0 0 0 0 0 0 
5181 2671 866 115 4 0 0 0 0 0 0 0 0 0 0 0 0 0 0 0 0 0 
3986 1434 286 15 0 0 0 0 0 0 0 0 0 0 0 0 0 0 0 0 0 0 
2858 676 81 2 0 0 0 0 0 0 0 0 0 0 0 0 0 0 0 0 0 0 
1990 277 31 1 0 0 0 0 0 0 0 0 0 0 0 0 0 0 0 0 0 0 
1311 100 6 0 0 0 0 0 0 0 0 0 0 0 0 0 0 0 0 0 0 0 
794 26 1 0 0 0 0 0 0 0 0 0 0 0 0 0 0 0 0 0 0 0 
471 10 0 0 0 0 0 0 0 0 0 0 0 0 0 0 0 0 0 0 0 0 
292 2 0 0 0 0 0 0 0 0 0 0 0 0 0 0 0 0 0 0 0 0 
156 0 0 0 0 0 0 0 0 0 0 0 0 0 0 0 0 0 0 0 0 0 
90 0 0 0 0 0 0 0 0 0 0 0 0 0 0 0 0 0 0 0 0 0 
48 0 0 0 0 0 0 0 0 0 0 0 0 0 0 0 0 0 0 0 0 0 
33 0 0 0 0 0 0 0 0 0 0 0 0 0 0 0 0 0 0 0 0 0 
14 0 0 0 0 0 0 0 0 0 0 0 0 0 0 0 0 0 0 0 0 0 
3 0 0 0 0 0 0 0 0 0 0 0 0 0 0 0 0 0 0 0 0 0 
10000 9977 9956 9828 9713 9475 9300 9003 8662 8288 7904 7509 7094 6655 6219 5760 5237 4735 4217 3691 3023 2235 
7370 5014 3720 2660 1863 1207 783 486 291 140 62 24 8 2 0 0 0 0 0 0 0 0 
5959 2952 1578 666 221 63 11 1 0 0 0 0 0 0 0 0 0 0 0 0 0 0 
4849 1861 728 154 21 1 0 0 0 0 0 0 0 0 0 0 0 0 0 0 0 0 
4006 1074 278 22 1 0 0 0 0 0 0 0 0 0 0 0 0 0 0 0 0 0 
3171 635 90 3 0 0 0 0 0 0 0 0 0 0 0 0 0 0 0 0 0 0 
2520 285 21 0 0 0 0 0 0 0 0 0 0 0 0 0 0 0 0 0 0 0 
1880 108 1 0 0 0 0 0 0 0 0 0 0 0 0 0 0 0 0 0 0 0 
1398 36 1 0 0 0 0 0 0 0 0 0 0 0 0 0 0 0 0 0 0 0 
1032 14 0 0 0 0 0 0 0 0 0 0 0 0 0 0 0 0 0 0 0 0 
767 5 0 0 0 0 0 0 0 0 0 0 0 0 0 0 0 0 0 0 0 0 
542 0 0 0 0 0 0 0 0 0 0 0 0 0 0 0 0 0 0 0 0 0 
355 0 0 0 0 0 0 0 0 0 0 0 0 0 0 0 0 0 0 0 0 0 
261 0 0 0 0 0 0 0 0 0 0 0 0 0 0 0 0 0 0 0 0 0 
160 0 0 0 0 0 0 0 0 0 0 0 0 0 0 0 0 0 0 0 0 0 
92 0 0 0 0 0 0 0 0 0 0 0 0 0 0 0 0 0 0 0 0 0 
43 0 0 0 0 0 0 0 0 0 0 0 0 0 0 0 0 0 0 0 0 0 
23 0 0 0 0 0 0 0 0 0 0 0 0 0 0 0 0 0 0 0 0 0 
10000 9976 9915 9724 9408 9085 8578 8166 7544 6950 6354 5632 4965 4322 3717 3234 2721 2266 1843 1466 1093 783 
8855 7969 6908 5504 3998 2831 1813 1159 672 366 165 64 24 10 3 2 0 0 0 0 0 0 
7312 5453 3467 1567 508 181 42 9 1 2 0 0 0 0 0 0 0 0 0 0 0 0 
5988 3607 1648 417 39 7 1 0 0 0 0 0 0 0 0 0 0 0 0 0 0 0 
4762 2173 645 97 6 1 0 0 0 0 0 0 0 0 0 0 0 0 0 0 0 0 
3642 1213 193 12 1 0 0 0 0 0 0 0 0 0 0 0 0 0 0 0 0 0 
2670 560 53 3 0 0 0 0 0 0 0 0 0 0 0 0 0 0 0 0 0 0 
1870 226 20 0 0 0 0 0 0 0 0 0 0 0 0 0 0 0 0 0 0 0 
1279 77 5 0 0 0 0 0 0 0 0 0 0 0 0 0 0 0 0 0 0 0 
854 25 0 0 0 0 0 0 0 0 0 0 0 0 0 0 0 0 0 0 0 0 
553 13 0 0 0 0 0 0 0 0 0 0 0 0 0 0 0 0 0 0 0 0 
329 4 0 0 0 0 0 0 0 0 0 0 0 0 0 0 0 0 0 0 0 0 
178 1 0 0 0 0 0 0 0 0 0 0 0 0 0 0 0 0 0 0 0 0 
100 0 0 0 0 0 0 0 0 0 0 0 0 0 0 0 0 0 0 0 0 0 
57 0 0 0 0 0 0 0 0 0 0 0 0 0 0 0 0 0 0 0 0 0 
29 0 0 0 0 0 0 0 0 0 0 0 0 0 0 0 0 0 0 0 0 0 
13 0 0 0 0 0 0 0 0 0 0 0 0 0 0 0 0 0 0 0 0 0 
2 0 0 0 0 0 0 0 0 0 0 0 0 0 0 0 0 0 0 0 0 0 
10000 9983 9970 9896 9812 9695 9579 9388 9228 9018 8770 8508 8232 7895 7511 7114 6690 6204 5608 4962 4102 3067 
6685 2835 1698 1051 701 458 297 180 102 49 22 9 4 0 0 0 0 0 0 0 0 0 
5232 1329 530 160 53 16 3 0 0 0 0 0 0 0 0 0 0 0 0 0 0 0 
4303 783 187 29 3 0 0 0 0 0 0 0 0 0 0 0 0 0 0 0 0 0 
3580 417 78 7 1 0 0 0 0 0 0 0 0 0 0 0 0 0 0 0 0 0 
2963 220 17 4 0 0 0 0 0 0 0 0 0 0 0 0 0 0 0 0 0 0 
2403 96 5 0 0 0 0 0 0 0 0 0 0 0 0 0 0 0 0 0 0 0 
1949 36 2 0 0 0 0 0 0 0 0 0 0 0 0 0 0 0 0 0 0 0 
1609 11 0 0 0 0 0 0 0 0 0 0 0 0 0 0 0 0 0 0 0 0 
1252 5 0 0 0 0 0 0 0 0 0 0 0 0 0 0 0 0 0 0 0 0 
987 2 0 0 0 0 0 0 0 0 0 0 0 0 0 0 0 0 0 0 0 0 
766 0 0 0 0 0 0 0 0 0 0 0 0 0 0 0 0 0 0 0 0 0 
568 0 0 0 0 0 0 0 0 0 0 0 0 0 0 0 0 0 0 0 0 0 
403 0 0 0 0 0 0 0 0 0 0 0 0 0 0 0 0 0 0 0 0 0 
279 0 0 0 0 0 0 0 0 0 0 0 0 0 0 0 0 0 0 0 0 0 
187 0 0 0 0 0 0 0 0 0 0 0 0 0 0 0 0 0 0 0 0 0 
123 0 0 0 0 0 0 0 0 0 0 0 0 0 0 0 0 0 0 0 0 0 
79 0 0 0 0 0 0 0 0 0 0 0 0 0 0 0 0 0 0 0 0 0 
10000 9988 9963 9902 9840 9736 9664 9506 9371 9197 8976 8750 8420 8101 7767 7316 6813 6269 5636 4861 3977 2787 
6961 2054 1059 592 353 210 133 67 50 20 9 1 1 0 0 0 0 0 0 0 0 0 
5551 787 244 58 15 3 1 0 0 0 0 0 0 0 0 0 0 0 0 0 0 0 
4603 413 68 7 2 0 0 0 0 0 0 0 0 0 0 0 0 0 0 0 0 0 
3869 214 21 1 0 0 0 0 0 0 0 0 0 0 0 0 0 0 0 0 0 0 
3263 125 9 0 0 0 0 0 0 0 0 0 0 0 0 0 0 0 0 0 0 0 
2668 58 4 0 0 0 0 0 0 0 0 0 0 0 0 0 0 0 0 0 0 0 
2287 32 0 0 0 0 0 0 0 0 0 0 0 0 0 0 0 0 0 0 0 0 
1813 18 0 0 0 0 0 0 0 0 0 0 0 0 0 0 0 0 0 0 0 0 
1463 1 0 0 0 0 0 0 0 0 0 0 0 0 0 0 0 0 0 0 0 0 
1188 0 0 0 0 0 0 0 0 0 0 0 0 0 0 0 0 0 0 0 0 0 
927 0 0 0 0 0 0 0 0 0 0 0 0 0 0 0 0 0 0 0 0 0 
684 0 0 0 0 0 0 0 0 0 0 0 0 0 0 0 0 0 0 0 0 0 
484 0 0 0 0 0 0 0 0 0 0 0 0 0 0 0 0 0 0 0 0 0 
344 0 0 0 0 0 0 0 0 0 0 0 0 0 0 0 0 0 0 0 0 0 
215 0 0 0 0 0 0 0 0 0 0 0 0 0 0 0 0 0 0 0 0 0 
135 0 0 0 0 0 0 0 0 0 0 0 0 0 0 0 0 0 0 0 0 0 
75 0 0 0 0 0 0 0 0 0 0 0 0 0 0 0 0 0 0 0 0 0 
10000 9989 9976 9920 9875 9853 9759 9683 9572 9491 9358 9159 9008 8822 8595 8279 7949 7594 7124 6524 5709 4446 
5457 8 2 1 0 0 0 0 0 0 0 0 0 0 0 0 0 0 0 0 0 0 
4275 1 0 0 0 0 0 0 0 0 0 0 0 0 0 0 0 0 0 0 0 0 
3481 1 0 0 0 0 0 0 0 0 0 0 0 0 0 0 0 0 0 0 0 0 
2908 0 0 0 0 0 0 0 0 0 0 0 0 0 0 0 0 0 0 0 0 0 
2491 0 0 0 0 0 0 0 0 0 0 0 0 0 0 0 0 0 0 0 0 0 
2134 0 0 0 0 0 0 0 0 0 0 0 0 0 0 0 0 0 0 0 0 0 
1811 0 0 0 0 0 0 0 0 0 0 0 0 0 0 0 0 0 0 0 0 0 
1525 0 0 0 0 0 0 0 0 0 0 0 0 0 0 0 0 0 0 0 0 0 
1261 0 0 0 0 0 0 0 0 0 0 0 0 0 0 0 0 0 0 0 0 0 
1018 0 0 0 0 0 0 0 0 0 0 0 0 0 0 0 0 0 0 0 0 0 
861 0 0 0 0 0 0 0 0 0 0 0 0 0 0 0 0 0 0 0 0 0 
681 0 0 0 0 0 0 0 0 0 0 0 0 0 0 0 0 0 0 0 0 0 
509 0 0 0 0 0 0 0 0 0 0 0 0 0 0 0 0 0 0 0 0 0 
358 0 0 0 0 0 0 0 0 0 0 0 0 0 0 0 0 0 0 0 0 0 
249 0 0 0 0 0 0 0 0 0 0 0 0 0 0 0 0 0 0 0 0 0 
179 0 0 0 0 0 0 0 0 0 0 0 0 0 0 0 0 0 0 0 0 0 
104 0 0 0 0 0 0 0 0 0 0 0 0 0 0 0 0 0 0 0 0 0 
10000 9976 9922 9778 9523 9267 8917 8535 8052 7549 6987 6405 5762 5103 4501 3933 3342 2810 2249 1744 1243 810 
8773 7310 5758 4267 2914 2041 1338 874 474 266 107 53 14 7 2 0 1 0 0 0 0 0 
7350 4556 2364 987 286 77 18 4 0 0 0 0 0 0 0 0 0 0 0 0 0 0 
6131 2912 1056 241 26 3 1 0 0 0 0 0 0 0 0 0 0 0 0 0 0 0 
4995 1690 383 39 1 1 0 0 0 0 0 0 0 0 0 0 0 0 0 0 0 0 
3954 890 107 3 0 0 0 0 0 0 0 0 0 0 0 0 0 0 0 0 0 0 
3045 430 26 0 0 0 0 0 0 0 0 0 0 0 0 0 0 0 0 0 0 0 
2307 197 8 1 0 0 0 0 0 0 0 0 0 0 0 0 0 0 0 0 0 0 
1726 80 2 0 0 0 0 0 0 0 0 0 0 0 0 0 0 0 0 0 0 0 
1224 25 0 0 0 0 0 0 0 0 0 0 0 0 0 0 0 0 0 0 0 0 
839 6 0 0 0 0 0 0 0 0 0 0 0 0 0 0 0 0 0 0 0 0 
563 1 0 0 0 0 0 0 0 0 0 0 0 0 0 0 0 0 0 0 0 0 
358 1 1 0 0 0 0 0 0 0 0 0 0 0 0 0 0 0 0 0 0 0 
224 0 0 0 0 0 0 0 0 0 0 0 0 0 0 0 0 0 0 0 0 0 
136 1 0 0 0 0 0 0 0 0 0 0 0 0 0 0 0 0 0 0 0 0 
67 0 0 0 0 0 0 0 0 0 0 0 0 0 0 0 0 0 0 0 0 0 
29 0 0 0 0 0 0 0 0 0 0 0 0 0 0 0 0 0 0 0 0 0 
21 0 0 0 0 0 0 0 0 0 0 0 0 0 0 0 0 0 0 0 0 0 
10000 9986 9957 9887 9809 9733 9652 9559 9379 9225 8974 8765 8504 8193 7819 7416 6919 6383 5706 4969 3987 2712 
7045 1048 441 228 120 83 52 42 21 12 2 0 0 0 0 0 0 0 0 0 0 0 
5697 354 71 27 6 0 0 0 0 0 0 0 0 0 0 0 0 0 0 0 0 0 
4856 165 23 3 0 0 0 0 0 0 0 0 0 0 0 0 0 0 0 0 0 0 
4068 100 9 0 0 0 0 0 0 0 0 0 0 0 0 0 0 0 0 0 0 0 
3502 51 2 0 0 0 0 0 0 0 0 0 0 0 0 0 0 0 0 0 0 0 
2998 23 0 0 0 0 0 0 0 0 0 0 0 0 0 0 0 0 0 0 0 0 
2539 12 0 0 0 0 0 0 0 0 0 0 0 0 0 0 0 0 0 0 0 0 
2129 6 0 0 0 0 0 0 0 0 0 0 0 0 0 0 0 0 0 0 0 0 
1721 3 0 0 0 0 0 0 0 0 0 0 0 0 0 0 0 0 0 0 0 0 
1388 0 0 0 0 0 0 0 0 0 0 0 0 0 0 0 0 0 0 0 0 0 
1107 0 0 0 0 0 0 0 0 0 0 0 0 0 0 0 0 0 0 0 0 0 
865 0 0 0 0 0 0 0 0 0 0 0 0 0 0 0 0 0 0 0 0 0 
632 0 0 0 0 0 0 0 0 0 0 0 0 0 0 0 0 0 0 0 0 0 
443 0 0 0 0 0 0 0 0 0 0 0 0 0 0 0 0 0 0 0 0 0 
308 0 0 0 0 0 0 0 0 0 0 0 0 0 0 0 0 0 0 0 0 0 
179 0 0 0 0 0 0 0 0 0 0 0 0 0 0 0 0 0 0 0 0 0 
85 0 0 0 0 0 0 0 0 0 0 0 0 0 0 0 0 0 0 0 0 0 
10000 9973 9956 9895 9835 9741 9638 9563 9400 9234 9056 8827 8512 8154 7752 7291 6769 6170 5428 4587 3584 2333 
7436 663 239 111 68 36 16 6 3 1 1 0 0 0 0 0 0 0 0 0 0 0 
6153 178 41 10 2 1 0 0 0 0 0 0 0 0 0 0 0 0 0 0 0 0 
5304 81 10 2 1 0 0 0 0 0 0 0 0 0 0 0 0 0 0 0 0 0 
4497 36 2 1 0 0 0 0 0 0 0 0 0 0 0 0 0 0 0 0 0 0 
3808 24 0 1 0 0 0 0 0 0 0 0 0 0 0 0 0 0 0 0 0 0 
3280 12 0 0 0 0 0 0 0 0 0 0 0 0 0 0 0 0 0 0 0 0 
2798 4 0 0 0 0 0 0 0 0 0 0 0 0 0 0 0 0 0 0 0 0 
2282 3 0 0 0 0 0 0 0 0 0 0 0 0 0 0 0 0 0 0 0 0 
1888 1 0 0 0 0 0 0 0 0 0 0 0 0 0 0 0 0 0 0 0 0 
1565 0 0 0 0 0 0 0 0 0 0 0 0 0 0 0 0 0 0 0 0 0 
1153 0 0 0 0 0 0 0 0 0 0 0 0 0 0 0 0 0 0 0 0 0 
874 0 0 0 0 0 0 0 0 0 0 0 0 0 0 0 0 0 0 0 0 0 
650 0 0 0 0 0 0 0 0 0 0 0 0 0 0 0 0 0 0 0 0 0 
467 0 0 0 0 0 0 0 0 0 0 0 0 0 0 0 0 0 0 0 0 0 
317 0 0 0 0 0 0 0 0 0 0 0 0 0 0 0 0 0 0 0 0 0 
182 0 0 0 0 0 0 0 0 0 0 0 0 0 0 0 0 0 0 0 0 0 
94 0 0 0 0 0 0 0 0 0 0 0 0 0 0 0 0 0 0 0 0 0 
10000 9985 9984 9918 9871 9806 9684 9637 9506 9381 9226 9055 8892 8615 8358 8050 7642 7193 6666 6006 5130 3814 
6121 1 0 0 0 0 0 0 0 0 0 0 0 0 0 0 0 0 0 0 0 0 
4858 0 0 0 0 0 0 0 0 0 0 0 0 0 0 0 0 0 0 0 0 0 
4005 0 0 0 0 0 0 0 0 0 0 0 0 0 0 0 0 0 0 0 0 0 
3370 0 0 0 0 0 0 0 0 0 0 0 0 0 0 0 0 0 0 0 0 0 
2887 0 0 0 0 0 0 0 0 0 0 0 0 0 0 0 0 0 0 0 0 0 
2492 0 0 0 0 0 0 0 0 0 0 0 0 0 0 0 0 0 0 0 0 0 
2099 0 0 0 0 0 0 0 0 0 0 0 0 0 0 0 0 0 0 0 0 0 
1776 0 0 0 0 0 0 0 0 0 0 0 0 0 0 0 0 0 0 0 0 0 
1495 0 0 0 0 0 0 0 0 0 0 0 0 0 0 0 0 0 0 0 0 0 
1221 0 0 0 0 0 0 0 0 0 0 0 0 0 0 0 0 0 0 0 0 0 
958 0 0 0 0 0 0 0 0 0 0 0 0 0 0 0 0 0 0 0 0 0 
749 0 0 0 0 0 0 0 0 0 0 0 0 0 0 0 0 0 0 0 0 0 
570 0 0 0 0 0 0 0 0 0 0 0 0 0 0 0 0 0 0 0 0 0 
409 0 0 0 0 0 0 0 0 0 0 0 0 0 0 0 0 0 0 0 0 0 
278 0 0 0 0 0 0 0 0 0 0 0 0 0 0 0 0 0 0 0 0 0 
186 0 0 0 0 0 0 0 0 0 0 0 0 0 0 0 0 0 0 0 0 0 
106 0 0 0 0 0 0 0 0 0 0 0 0 0 0 0 0 0 0 0 0 0 
10000 9985 9960 9882 9803 9725 9619 9512 9358 9157 8943 8682 8407 8069 7694 7243 6669 6048 5324 4468 3475 2148 
7655 407 109 44 23 10 10 7 5 0 0 0 0 0 0 0 0 0 0 0 0 0 
6322 98 12 1 0 0 0 0 0 0 0 0 0 0 0 0 0 0 0 0 0 0 
5402 41 2 0 0 0 0 0 0 0 0 0 0 0 0 0 0 0 0 0 0 0 
4653 21 0 0 0 0 0 0 0 0 0 0 0 0 0 0 0 0 0 0 0 0 
4041 10 0 0 0 0 0 0 0 0 0 0 0 0 0 0 0 0 0 0 0 0 
3422 4 0 0 0 0 0 0 0 0 0 0 0 0 0 0 0 0 0 0 0 0 
2943 1 0 0 0 0 0 0 0 0 0 0 0 0 0 0 0 0 0 0 0 0 
2486 0 0 0 0 0 0 0 0 0 0 0 0 0 0 0 0 0 0 0 0 0 
2011 0 0 0 0 0 0 0 0 0 0 0 0 0 0 0 0 0 0 0 0 0 
1657 0 0 0 0 0 0 0 0 0 0 0 0 0 0 0 0 0 0 0 0 0 
1343 0 0 0 0 0 0 0 0 0 0 0 0 0 0 0 0 0 0 0 0 0 
1022 0 0 0 0 0 0 0 0 0 0 0 0 0 0 0 0 0 0 0 0 0 
787 0 0 0 0 0 0 0 0 0 0 0 0 0 0 0 0 0 0 0 0 0 
549 0 0 0 0 0 0 0 0 0 0 0 0 0 0 0 0 0 0 0 0 0 
381 0 0 0 0 0 0 0 0 0 0 0 0 0 0 0 0 0 0 0 0 0 
220 0 0 0 0 0 0 0 0 0 0 0 0 0 0 0 0 0 0 0 0 0 
130 0 0 0 0 0 0 0 0 0 0 0 0 0 0 0 0 0 0 0 0 0 
10000 9989 9968 9914 9873 9780 9724 9610 9516 9376 9246 9009 8788 8584 8300 7979 7564 7108 6560 5873 4959 3559 
6280 0 0 0 0 0 0 0 0 0 0 0 0 0 0 0 0 0 0 0 0 0 
5039 0 0 0 0 0 0 0 0 0 0 0 0 0 0 0 0 0 0 0 0 0 
4125 0 0 0 0 0 0 0 0 0 0 0 0 0 0 0 0 0 0 0 0 0 
3530 0 0 0 0 0 0 0 0 0 0 0 0 0 0 0 0 0 0 0 0 0 
3006 0 0 0 0 0 0 0 0 0 0 0 0 0 0 0 0 0 0 0 0 0 
2571 0 0 0 0 0 0 0 0 0 0 0 0 0 0 0 0 0 0 0 0 0 
2184 0 0 0 0 0 0 0 0 0 0 0 0 0 0 0 0 0 0 0 0 0 
1850 0 0 0 0 0 0 0 0 0 0 0 0 0 0 0 0 0 0 0 0 0 
1535 0 0 0 0 0 0 0 0 0 0 0 0 0 0 0 0 0 0 0 0 0 
1219 0 0 0 0 0 0 0 0 0 0 0 0 0 0 0 0 0 0 0 0 0 
969 0 0 0 0 0 0 0 0 0 0 0 0 0 0 0 0 0 0 0 0 0 
772 0 0 0 0 0 0 0 0 0 0 0 0 0 0 0 0 0 0 0 0 0 
596 0 0 0 0 0 0 0 0 0 0 0 0 0 0 0 0 0 0 0 0 0 
423 0 0 0 0 0 0 0 0 0 0 0 0 0 0 0 0 0 0 0 0 0 
309 0 0 0 0 0 0 0 0 0 0 0 0 0 0 0 0 0 0 0 0 0 
192 0 0 0 0 0 0 0 0 0 0 0 0 0 0 0 0 0 0 0 0 0 
121 0 0 0 0 0 0 0 0 0 0 0 0 0 0 0 0 0 0 0 0 0 
10000 9986 9979 9895 9860 9805 9723 9636 9494 9359 9199 9011 8796 8571 8302 7935 7540 7075 6448 5737 4890 3549 
6319 0 0 0 0 0 0 0 0 0 0 0 0 0 0 0 0 0 0 0 0 0 
5082 0 0 0 0 0 0 0 0 0 0 0 0 0 0 0 0 0 0 0 0 0 
4267 0 0 0 0 0 0 0 0 0 0 0 0 0 0 0 0 0 0 0 0 0 
3565 0 0 0 0 0 0 0 0 0 0 0 0 0 0 0 0 0 0 0 0 0 
3032 0 0 0 0 0 0 0 0 0 0 0 0 0 0 0 0 0 0 0 0 0 
2645 0 0 0 0 0 0 0 0 0 0 0 0 0 0 0 0 0 0 0 0 0 
2190 0 0 0 0 0 0 0 0 0 0 0 0 0 0 0 0 0 0 0 0 0 
1858 0 0 0 0 0 0 0 0 0 0 0 0 0 0 0 0 0 0 0 0 0 
1533 0 0 0 0 0 0 0 0 0 0 0 0 0 0 0 0 0 0 0 0 0 
1259 0 0 0 0 0 0 0 0 0 0 0 0 0 0 0 0 0 0 0 0 0 
1039 0 0 0 0 0 0 0 0 0 0 0 0 0 0 0 0 0 0 0 0 0 
823 0 0 0 0 0 0 0 0 0 0 0 0 0 0 0 0 0 0 0 0 0 
597 0 0 0 0 0 0 0 0 0 0 0 0 0 0 0 0 0 0 0 0 0 
424 0 0 0 0 0 0 0 0 0 0 0 0 0 0 0 0 0 0 0 0 0 
288 0 0 0 0 0 0 0 0 0 0 0 0 0 0 0 0 0 0 0 0 0 
186 0 0 0 0 0 0 0 0 0 0 0 0 0 0 0 0 0 0 0 0 0 
103 0 0 0 0 0 0 0 0 0 0 0 0 0 0 0 0 0 0 0 0 0 
10000 9991 9982 9923 9895 9837 9769 9717 9659 9535 9427 9263 9134 8953 8785 8510 8233 7924 7513 6956 6254 4988 
4964 0 0 0 0 0 0 0 0 0 0 0 0 0 0 0 0 0 0 0 0 0 
3776 0 0 0 0 0 0 0 0 0 0 0 0 0 0 0 0 0 0 0 0 0 
3082 0 0 0 0 0 0 0 0 0 0 0 0 0 0 0 0 0 0 0 0 0 
2575 0 0 0 0 0 0 0 0 0 0 0 0 0 0 0 0 0 0 0 0 0 
2185 0 0 0 0 0 0 0 0 0 0 0 0 0 0 0 0 0 0 0 0 0 
1823 0 0 0 0 0 0 0 0 0 0 0 0 0 0 0 0 0 0 0 0 0 
1534 0 0 0 0 0 0 0 0 0 0 0 0 0 0 0 0 0 0 0 0 0 
1310 0 0 0 0 0 0 0 0 0 0 0 0 0 0 0 0 0 0 0 0 0 
1088 0 0 0 0 0 0 0 0 0 0 0 0 0 0 0 0 0 0 0 0 0 
895 0 0 0 0 0 0 0 0 0 0 0 0 0 0 0 0 0 0 0 0 0 
718 0 0 0 0 0 0 0 0 0 0 0 0 0 0 0 0 0 0 0 0 0 
577 0 0 0 0 0 0 0 0 0 0 0 0 0 0 0 0 0 0 0 0 0 
449 0 0 0 0 0 0 0 0 0 0 0 0 0 0 0 0 0 0 0 0 0 
329 0 0 0 0 0 0 0 0 0 0 0 0 0 0 0 0 0 0 0 0 0 
224 0 0 0 0 0 0 0 0 0 0 0 0 0 0 0 0 0 0 0 0 0 
140 0 0 0 0 0 0 0 0 0 0 0 0 0 0 0 0 0 0 0 0 0 
83 0 0 0 0 0 0 0 0 0 0 0 0 0 0 0 0 0 0 0 0 0 
10000 9967 9934 9798 9620 9391 9108 8805 8456 8045 7570 7000 6341 5709 4997 4305 3604 2934 2300 1703 1116 647 
8919 6410 4384 2940 1865 1236 749 472 255 146 56 19 8 3 1 1 2 0 0 0 0 0 
7739 3538 1338 445 99 19 4 2 0 0 0 0 0 0 0 0 0 0 0 0 0 0 
6784 2073 478 112 7 2 0 0 0 0 0 0 0 0 0 0 0 0 0 0 0 0 
5793 1186 156 11 0 0 0 0 0 0 0 0 0 0 0 0 0 0 0 0 0 0 
4884 652 43 2 0 0 0 0 0 0 0 0 0 0 0 0 0 0 0 0 0 0 
3947 313 9 1 0 0 0 0 0 0 0 0 0 0 0 0 0 0 0 0 0 0 
3146 127 2 0 0 0 0 0 0 0 0 0 0 0 0 0 0 0 0 0 0 0 
2429 53 0 0 0 0 0 0 0 0 0 0 0 0 0 0 0 0 0 0 0 0 
1852 12 0 0 0 0 0 0 0 0 0 0 0 0 0 0 0 0 0 0 0 0 
1360 3 0 0 0 0 0 0 0 0 0 0 0 0 0 0 0 0 0 0 0 0 
966 2 0 0 0 0 0 0 0 0 0 0 0 0 0 0 0 0 0 0 0 0 
667 1 0 0 0 0 0 0 0 0 0 0 0 0 0 0 0 0 0 0 0 0 
436 0 0 0 0 0 0 0 0 0 0 0 0 0 0 0 0 0 0 0 0 0 
239 0 0 0 0 0 0 0 0 0 0 0 0 0 0 0 0 0 0 0 0 0 
145 0 0 0 0 0 0 0 0 0 0 0 0 0 0 0 0 0 0 0 0 0 
73 0 0 0 0 0 0 0 0 0 0 0 0 0 0 0 0 0 0 0 0 0 
34 0 0 0 0 0 0 0 0 0 0 0 0 0 0 0 0 0 0 0 0 0 
10000 9985 9951 9899 9800 9712 9643 9450 9334 9115 8950 8735 8386 7995 7578 7055 6542 5897 5133 4243 3285 1977 
7739 311 68 24 8 5 2 1 0 0 0 0 0 0 0 0 0 0 0 0 0 0 
6498 61 4 1 1 0 0 0 0 0 0 0 0 0 0 0 0 0 0 0 0 0 
5621 26 0 0 0 0 0 0 0 0 0 0 0 0 0 0 0 0 0 0 0 0 
4913 9 0 0 0 0 0 0 0 0 0 0 0 0 0 0 0 0 0 0 0 0 
4239 4 1 1 0 0 0 0 0 0 0 0 0 0 0 0 0 0 0 0 0 0 
3643 4 0 0 0 0 0 0 0 0 0 0 0 0 0 0 0 0 0 0 0 0 
3120 2 1 0 0 0 0 0 0 0 0 0 0 0 0 0 0 0 0 0 0 0 
2620 1 0 0 0 0 0 0 0 0 0 0 0 0 0 0 0 0 0 0 0 0 
2133 0 0 0 0 0 0 0 0 0 0 0 0 0 0 0 0 0 0 0 0 0 
1736 0 0 0 0 0 0 0 0 0 0 0 0 0 0 0 0 0 0 0 0 0 
1374 0 0 0 0 0 0 0 0 0 0 0 0 0 0 0 0 0 0 0 0 0 
1067 0 0 0 0 0 0 0 0 0 0 0 0 0 0 0 0 0 0 0 0 0 
788 0 0 0 0 0 0 0 0 0 0 0 0 0 0 0 0 0 0 0 0 0 
558 0 0 0 0 0 0 0 0 0 0 0 0 0 0 0 0 0 0 0 0 0 
396 0 0 0 0 0 0 0 0 0 0 0 0 0 0 0 0 0 0 0 0 0 
227 0 0 0 0 0 0 0 0 0 0 0 0 0 0 0 0 0 0 0 0 0 
128 0 0 0 0 0 0 0 0 0 0 0 0 0 0 0 0 0 0 0 0 0 
10000 9981 9956 9895 9791 9715 9588 9489 9286 9076 8853 8586 8313 7942 7481 6959 6321 5606 4805 3829 2837 1656 
8128 192 25 7 4 1 0 0 0 0 0 0 0 0 0 0 0 0 0 0 0 0 
6906 27 1 0 0 0 0 0 0 0 0 0 0 0 0 0 0 0 0 0 0 0 
6022 12 0 0 0 0 0 0 0 0 0 0 0 0 0 0 0 0 0 0 0 0 
5217 7 0 0 0 0 0 0 0 0 0 0 0 0 0 0 0 0 0 0 0 0 
4549 2 0 0 0 0 0 0 0 0 0 0 0 0 0 0 0 0 0 0 0 0 
3901 1 0 0 0 0 0 0 0 0 0 0 0 0 0 0 0 0 0 0 0 0 
3344 0 0 0 0 0 0 0 0 0 0 0 0 0 0 0 0 0 0 0 0 0 
2753 0 0 0 0 0 0 0 0 0 0 0 0 0 0 0 0 0 0 0 0 0 
2306 0 0 0 0 0 0 0 0 0 0 0 0 0 0 0 0 0 0 0 0 0 
1803 0 0 0 0 0 0 0 0 0 0 0 0 0 0 0 0 0 0 0 0 0 
1420 0 0 0 0 0 0 0 0 0 0 0 0 0 0 0 0 0 0 0 0 0 
1102 0 0 0 0 0 0 0 0 0 0 0 0 0 0 0 0 0 0 0 0 0 
851 0 0 0 0 0 0 0 0 0 0 0 0 0 0 0 0 0 0 0 0 0 
623 0 0 0 0 0 0 0 0 0 0 0 0 0 0 0 0 0 0 0 0 0 
406 0 0 0 0 0 0 0 0 0 0 0 0 0 0 0 0 0 0 0 0 0 
274 0 0 0 0 0 0 0 0 0 0 0 0 0 0 0 0 0 0 0 0 0 
151 0 0 0 0 0 0 0 0 0 0 0 0 0 0 0 0 0 0 0 0 0 
10000 9990 9958 9895 9860 9805 9692 9577 9463 9337 9225 8993 8767 8460 8196 7801 7376 6881 6204 5379 4431 3059 
6825 0 0 0 0 0 0 0 0 0 0 0 0 0 0 0 0 0 0 0 0 0 
5470 0 0 0 0 0 0 0 0 0 0 0 0 0 0 0 0 0 0 0 0 0 
4611 0 0 0 0 0 0 0 0 0 0 0 0 0 0 0 0 0 0 0 0 0 
3898 0 0 0 0 0 0 0 0 0 0 0 0 0 0 0 0 0 0 0 0 0 
3285 0 0 0 0 0 0 0 0 0 0 0 0 0 0 0 0 0 0 0 0 0 
2827 0 0 0 0 0 0 0 0 0 0 0 0 0 0 0 0 0 0 0 0 0 
2315 0 0 0 0 0 0 0 0 0 0 0 0 0 0 0 0 0 0 0 0 0 
1989 0 0 0 0 0 0 0 0 0 0 0 0 0 0 0 0 0 0 0 0 0 
1597 0 0 0 0 0 0 0 0 0 0 0 0 0 0 0 0 0 0 0 0 0 
1323 0 0 0 0 0 0 0 0 0 0 0 0 0 0 0 0 0 0 0 0 0 
1026 0 0 0 0 0 0 0 0 0 0 0 0 0 0 0 0 0 0 0 0 0 
814 0 0 0 0 0 0 0 0 0 0 0 0 0 0 0 0 0 0 0 0 0 
604 0 0 0 0 0 0 0 0 0 0 0 0 0 0 0 0 0 0 0 0 0 
442 0 0 0 0 0 0 0 0 0 0 0 0 0 0 0 0 0 0 0 0 0 
298 0 0 0 0 0 0 0 0 0 0 0 0 0 0 0 0 0 0 0 0 0 
208 0 0 0 0 0 0 0 0 0 0 0 0 0 0 0 0 0 0 0 0 0 
119 0 0 0 0 0 0 0 0 0 0 0 0 0 0 0 0 0 0 0 0 0 
10000 9976 9963 9866 9791 9689 9621 9452 9332 9079 8893 8585 8221 7832 7423 6901 6251 5510 4692 3819 2789 1567 
8158 99 19 5 1 1 0 0 0 0 0 0 0 0 0 0 0 0 0 0 0 0 
6982 14 0 0 0 0 0 0 0 0 0 0 0 0 0 0 0 0 0 0 0 0 
6095 5 0 0 0 0 0 0 0 0 0 0 0 0 0 0 0 0 0 0 0 0 
5340 3 0 0 0 0 0 0 0 0 0 0 0 0 0 0 0 0 0 0 0 0 
4659 0 0 0 0 0 0 0 0 0 0 0 0 0 0 0 0 0 0 0 0 0 
3987 0 0 0 0 0 0 0 0 0 0 0 0 0 0 0 0 0 0 0 0 0 
3391 0 0 0 0 0 0 0 0 0 0 0 0 0 0 0 0 0 0 0 0 0 
2859 0 0 0 0 0 0 0 0 0 0 0 0 0 0 0 0 0 0 0 0 0 
2316 0 0 0 0 0 0 0 0 0 0 0 0 0 0 0 0 0 0 0 0 0 
1903 0 0 0 0 0 0 0 0 0 0 0 0 0 0 0 0 0 0 0 0 0 
1516 0 0 0 0 0 0 0 0 0 0 0 0 0 0 0 0 0 0 0 0 0 
1166 0 0 0 0 0 0 0 0 0 0 0 0 0 0 0 0 0 0 0 0 0 
857 0 0 0 0 0 0 0 0 0 0 0 0 0 0 0 0 0 0 0 0 0 
591 0 0 0 0 0 0 0 0 0 0 0 0 0 0 0 0 0 0 0 0 0 
378 0 0 0 0 0 0 0 0 0 0 0 0 0 0 0 0 0 0 0 0 0 
257 0 0 0 0 0 0 0 0 0 0 0 0 0 0 0 0 0 0 0 0 0 
146 0 0 0 0 0 0 0 0 0 0 0 0 0 0 0 0 0 0 0 0 0 
10000 9991 9963 9909 9819 9752 9687 9551 9459 9303 9143 8911 8699 8366 8102 7717 7286 6795 6086 5346 4384 2975 
6882 0 0 0 0 0 0 0 0 0 0 0 0 0 0 0 0 0 0 0 0 0 
5581 0 0 0 0 0 0 0 0 0 0 0 0 0 0 0 0 0 0 0 0 0 
4639 0 0 0 0 0 0 0 0 0 0 0 0 0 0 0 0 0 0 0 0 0 
3943 0 0 0 0 0 0 0 0 0 0 0 0 0 0 0 0 0 0 0 0 0 
3369 0 0 0 0 0 0 0 0 0 0 0 0 0 0 0 0 0 0 0 0 0 
2872 0 0 0 0 0 0 0 0 0 0 0 0 0 0 0 0 0 0 0 0 0 
2420 0 0 0 0 0 0 0 0 0 0 0 0 0 0 0 0 0 0 0 0 0 
2069 0 0 0 0 0 0 0 0 0 0 0 0 0 0 0 0 0 0 0 0 0 
1715 0 0 0 0 0 0 0 0 0 0 0 0 0 0 0 0 0 0 0 0 0 
1420 0 0 0 0 0 0 0 0 0 0 0 0 0 0 0 0 0 0 0 0 0 
1128 0 0 0 0 0 0 0 0 0 0 0 0 0 0 0 0 0 0 0 0 0 
875 0 0 0 0 0 0 0 0 0 0 0 0 0 0 0 0 0 0 0 0 0 
683 0 0 0 0 0 0 0 0 0 0 0 0 0 0 0 0 0 0 0 0 0 
480 0 0 0 0 0 0 0 0 0 0 0 0 0 0 0 0 0 0 0 0 0 
332 0 0 0 0 0 0 0 0 0 0 0 0 0 0 0 0 0 0 0 0 0 
217 0 0 0 0 0 0 0 0 0 0 0 0 0 0 0 0 0 0 0 0 0 
131 0 0 0 0 0 0 0 0 0 0 0 0 0 0 0 0 0 0 0 0 0 
10000 9990 9970 9890 9825 9743 9655 9561 9436 9266 9066 8870 8622 8315 8018 7609 7131 6610 5990 5238 4210 2864 
6992 0 0 0 0 0 0 0 0 0 0 0 0 0 0 0 0 0 0 0 0 0 
5680 0 0 0 0 0 0 0 0 0 0 0 0 0 0 0 0 0 0 0 0 0 
4805 0 0 0 0 0 0 0 0 0 0 0 0 0 0 0 0 0 0 0 0 0 
4074 0 0 0 0 0 0 0 0 0 0 0 0 0 0 0 0 0 0 0 0 0 
3476 0 0 0 0 0 0 0 0 0 0 0 0 0 0 0 0 0 0 0 0 0 
2998 0 0 0 0 0 0 0 0 0 0 0 0 0 0 0 0 0 0 0 0 0 
2567 0 0 0 0 0 0 0 0 0 0 0 0 0 0 0 0 0 0 0 0 0 
2136 0 0 0 0 0 0 0 0 0 0 0 0 0 0 0 0 0 0 0 0 0 
1778 0 0 0 0 0 0 0 0 0 0 0 0 0 0 0 0 0 0 0 0 0 
1509 0 0 0 0 0 0 0 0 0 0 0 0 0 0 0 0 0 0 0 0 0 
1183 0 0 0 0 0 0 0 0 0 0 0 0 0 0 0 0 0 0 0 0 0 
933 0 0 0 0 0 0 0 0 0 0 0 0 0 0 0 0 0 0 0 0 0 
699 0 0 0 0 0 0 0 0 0 0 0 0 0 0 0 0 0 0 0 0 0 
547 0 0 0 0 0 0 0 0 0 0 0 0 0 0 0 0 0 0 0 0 0 
363 0 0 0 0 0 0 0 0 0 0 0 0 0 0 0 0 0 0 0 0 0 
235 0 0 0 0 0 0 0 0 0 0 0 0 0 0 0 0 0 0 0 0 0 
146 0 0 0 0 0 0 0 0 0 0 0 0 0 0 0 0 0 0 0 0 0 
10000 9986 9975 9932 9876 9812 9751 9695 9575 9482 9359 9209 9012 8832 8580 8338 8024 7665 7226 6603 5814 4532 
5382 0 0 0 0 0 0 0 0 0 0 0 0 0 0 0 0 0 0 0 0 0 
4133 0 0 0 0 0 0 0 0 0 0 0 0 0 0 0 0 0 0 0 0 0 
3440 0 0 0 0 0 0 0 0 0 0 0 0 0 0 0 0 0 0 0 0 0 
2848 0 0 0 0 0 0 0 0 0 0 0 0 0 0 0 0 0 0 0 0 0 
2440 0 0 0 0 0 0 0 0 0 0 0 0 0 0 0 0 0 0 0 0 0 
2088 0 0 0 0 0 0 0 0 0 0 0 0 0 0 0 0 0 0 0 0 0 
1751 0 0 0 0 0 0 0 0 0 0 0 0 0 0 0 0 0 0 0 0 0 
1477 0 0 0 0 0 0 0 0 0 0 0 0 0 0 0 0 0 0 0 0 0 
1251 0 0 0 0 0 0 0 0 0 0 0 0 0 0 0 0 0 0 0 0 0 
1052 0 0 0 0 0 0 0 0 0 0 0 0 0 0 0 0 0 0 0 0 0 
846 0 0 0 0 0 0 0 0 0 0 0 0 0 0 0 0 0 0 0 0 0 
653 0 0 0 0 0 0 0 0 0 0 0 0 0 0 0 0 0 0 0 0 0 
503 0 0 0 0 0 0 0 0 0 0 0 0 0 0 0 0 0 0 0 0 0 
366 0 0 0 0 0 0 0 0 0 0 0 0 0 0 0 0 0 0 0 0 0 
240 0 0 0 0 0 0 0 0 0 0 0 0 0 0 0 0 0 0 0 0 0 
153 0 0 0 0 0 0 0 0 0 0 0 0 0 0 0 0 0 0 0 0 0 
99 0 0 0 0 0 0 0 0 0 0 0 0 0 0 0 0 0 0 0 0 0 
10000 9978 9955 9865 9816 9684 9586 9465 9293 9135 8861 8584 8277 7921 7436 6924 6250 5500 4695 3769 2764 1538 
8233 52 12 1 0 0 0 0 0 0 0 0 0 0 0 0 0 0 0 0 0 0 
7033 7 0 0 0 0 0 0 0 0 0 0 0 0 0 0 0 0 0 0 0 0 
6159 3 0 0 0 0 0 0 0 0 0 0 0 0 0 0 0 0 0 0 0 0 
5335 1 0 0 0 0 0 0 0 0 0 0 0 0 0 0 0 0 0 0 0 0 
4634 0 0 0 0 0 0 0 0 0 0 0 0 0 0 0 0 0 0 0 0 0 
3995 0 0 0 0 0 0 0 0 0 0 0 0 0 0 0 0 0 0 0 0 0 
3396 0 0 0 0 0 0 0 0 0 0 0 0 0 0 0 0 0 0 0 0 0 
2757 0 0 0 0 0 0 0 0 0 0 0 0 0 0 0 0 0 0 0 0 0 
2310 0 0 0 0 0 0 0 0 0 0 0 0 0 0 0 0 0 0 0 0 0 
1839 0 0 0 0 0 0 0 0 0 0 0 0 0 0 0 0 0 0 0 0 0 
1475 0 0 0 0 0 0 0 0 0 0 0 0 0 0 0 0 0 0 0 0 0 
1177 0 0 0 0 0 0 0 0 0 0 0 0 0 0 0 0 0 0 0 0 0 
845 0 0 0 0 0 0 0 0 0 0 0 0 0 0 0 0 0 0 0 0 0 
617 0 0 0 0 0 0 0 0 0 0 0 0 0 0 0 0 0 0 0 0 0 
426 0 0 0 0 0 0 0 0 0 0 0 0 0 0 0 0 0 0 0 0 0 
255 0 0 0 0 0 0 0 0 0 0 0 0 0 0 0 0 0 0 0 0 0 
142 0 0 0 0 0 0 0 0 0 0 0 0 0 0 0 0 0 0 0 0 0 
10000 9985 9962 9921 9834 9775 9654 9563 9466 9310 9137 8883 8676 8427 8058 7652 7147 6677 6042 5309 4349 3002 
6870 0 0 0 0 0 0 0 0 0 0 0 0 0 0 0 0 0 0 0 0 0 
5563 0 0 0 0 0 0 0 0 0 0 0 0 0 0 0 0 0 0 0 0 0 
4709 0 0 0 0 0 0 0 0 0 0 0 0 0 0 0 0 0 0 0 0 0 
4118 0 0 0 0 0 0 0 0 0 0 0 0 0 0 0 0 0 0 0 0 0 
3481 0 0 0 0 0 0 0 0 0 0 0 0 0 0 0 0 0 0 0 0 0 
2933 0 0 0 0 0 0 0 0 0 0 0 0 0 0 0 0 0 0 0 0 0 
2454 0 0 0 0 0 0 0 0 0 0 0 0 0 0 0 0 0 0 0 0 0 
2072 0 0 0 0 0 0 0 0 0 0 0 0 0 0 0 0 0 0 0 0 0 
1730 0 0 0 0 0 0 0 0 0 0 0 0 0 0 0 0 0 0 0 0 0 
1393 0 0 0 0 0 0 0 0 0 0 0 0 0 0 0 0 0 0 0 0 0 
1113 0 0 0 0 0 0 0 0 0 0 0 0 0 0 0 0 0 0 0 0 0 
879 0 0 0 0 0 0 0 0 0 0 0 0 0 0 0 0 0 0 0 0 0 
675 0 0 0 0 0 0 0 0 0 0 0 0 0 0 0 0 0 0 0 0 0 
493 0 0 0 0 0 0 0 0 0 0 0 0 0 0 0 0 0 0 0 0 0 
335 0 0 0 0 0 0 0 0 0 0 0 0 0 0 0 0 0 0 0 0 0 
216 0 0 0 0 0 0 0 0 0 0 0 0 0 0 0 0 0 0 0 0 0 
137 0 0 0 0 0 0 0 0 0 0 0 0 0 0 0 0 0 0 0 0 0 
10000 9982 9965 9923 9853 9795 9679 9555 9445 9282 9113 8898 8678 8371 8055 7668 7257 6690 6055 5300 4280 2879 
7014 0 0 0 0 0 0 0 0 0 0 0 0 0 0 0 0 0 0 0 0 0 
5605 0 0 0 0 0 0 0 0 0 0 0 0 0 0 0 0 0 0 0 0 0 
4691 0 0 0 0 0 0 0 0 0 0 0 0 0 0 0 0 0 0 0 0 0 
3998 0 0 0 0 0 0 0 0 0 0 0 0 0 0 0 0 0 0 0 0 0 
3465 0 0 0 0 0 0 0 0 0 0 0 0 0 0 0 0 0 0 0 0 0 
2905 0 0 0 0 0 0 0 0 0 0 0 0 0 0 0 0 0 0 0 0 0 
2466 0 0 0 0 0 0 0 0 0 0 0 0 0 0 0 0 0 0 0 0 0 
2066 0 0 0 0 0 0 0 0 0 0 0 0 0 0 0 0 0 0 0 0 0 
1774 0 0 0 0 0 0 0 0 0 0 0 0 0 0 0 0 0 0 0 0 0 
1436 0 0 0 0 0 0 0 0 0 0 0 0 0 0 0 0 0 0 0 0 0 
1166 0 0 0 0 0 0 0 0 0 0 0 0 0 0 0 0 0 0 0 0 0 
894 0 0 0 0 0 0 0 0 0 0 0 0 0 0 0 0 0 0 0 0 0 
664 0 0 0 0 0 0 0 0 0 0 0 0 0 0 0 0 0 0 0 0 0 
480 0 0 0 0 0 0 0 0 0 0 0 0 0 0 0 0 0 0 0 0 0 
318 0 0 0 0 0 0 0 0 0 0 0 0 0 0 0 0 0 0 0 0 0 
216 0 0 0 0 0 0 0 0 0 0 0 0 0 0 0 0 0 0 0 0 0 
119 0 0 0 0 0 0 0 0 0 0 0 0 0 0 0 0 0 0 0 0 0 
10000 9980 9983 9927 9899 9824 9770 9678 9615 9455 9367 9208 9062 8880 8640 8344 8029 7656 7202 6589 5801 4516 
5439 0 0 0 0 0 0 0 0 0 0 0 0 0 0 0 0 0 0 0 0 0 
4139 0 0 0 0 0 0 0 0 0 0 0 0 0 0 0 0 0 0 0 0 0 
3455 0 0 0 0 0 0 0 0 0 0 0 0 0 0 0 0 0 0 0 0 0 
2925 0 0 0 0 0 0 0 0 0 0 0 0 0 0 0 0 0 0 0 0 0 
2445 0 0 0 0 0 0 0 0 0 0 0 0 0 0 0 0 0 0 0 0 0 
2032 0 0 0 0 0 0 0 0 0 0 0 0 0 0 0 0 0 0 0 0 0 
1726 0 0 0 0 0 0 0 0 0 0 0 0 0 0 0 0 0 0 0 0 0 
1453 0 0 0 0 0 0 0 0 0 0 0 0 0 0 0 0 0 0 0 0 0 
1214 0 0 0 0 0 0 0 0 0 0 0 0 0 0 0 0 0 0 0 0 0 
993 0 0 0 0 0 0 0 0 0 0 0 0 0 0 0 0 0 0 0 0 0 
790 0 0 0 0 0 0 0 0 0 0 0 0 0 0 0 0 0 0 0 0 0 
616 0 0 0 0 0 0 0 0 0 0 0 0 0 0 0 0 0 0 0 0 0 
478 0 0 0 0 0 0 0 0 0 0 0 0 0 0 0 0 0 0 0 0 0 
353 0 0 0 0 0 0 0 0 0 0 0 0 0 0 0 0 0 0 0 0 0 
251 0 0 0 0 0 0 0 0 0 0 0 0 0 0 0 0 0 0 0 0 0 
153 0 0 0 0 0 0 0 0 0 0 0 0 0 0 0 0 0 0 0 0 0 
113 0 0 0 0 0 0 0 0 0 0 0 0 0 0 0 0 0 0 0 0 0 
10000 9981 9974 9906 9851 9794 9694 9579 9453 9303 9135 8908 8684 8388 8080 7691 7258 6750 6116 5362 4360 2920 
6900 0 0 0 0 0 0 0 0 0 0 0 0 0 0 0 0 0 0 0 0 0 
5555 0 0 0 0 0 0 0 0 0 0 0 0 0 0 0 0 0 0 0 0 0 
4658 0 0 0 0 0 0 0 0 0 0 0 0 0 0 0 0 0 0 0 0 0 
3988 0 0 0 0 0 0 0 0 0 0 0 0 0 0 0 0 0 0 0 0 0 
3379 0 0 0 0 0 0 0 0 0 0 0 0 0 0 0 0 0 0 0 0 0 
2907 0 0 0 0 0 0 0 0 0 0 0 0 0 0 0 0 0 0 0 0 0 
2481 0 0 0 0 0 0 0 0 0 0 0 0 0 0 0 0 0 0 0 0 0 
2084 0 0 0 0 0 0 0 0 0 0 0 0 0 0 0 0 0 0 0 0 0 
1740 0 0 0 0 0 0 0 0 0 0 0 0 0 0 0 0 0 0 0 0 0 
1379 0 0 0 0 0 0 0 0 0 0 0 0 0 0 0 0 0 0 0 0 0 
1091 0 0 0 0 0 0 0 0 0 0 0 0 0 0 0 0 0 0 0 0 0 
877 0 0 0 0 0 0 0 0 0 0 0 0 0 0 0 0 0 0 0 0 0 
670 0 0 0 0 0 0 0 0 0 0 0 0 0 0 0 0 0 0 0 0 0 
463 0 0 0 0 0 0 0 0 0 0 0 0 0 0 0 0 0 0 0 0 0 
323 0 0 0 0 0 0 0 0 0 0 0 0 0 0 0 0 0 0 0 0 0 
199 0 0 0 0 0 0 0 0 0 0 0 0 0 0 0 0 0 0 0 0 0 
119 0 0 0 0 0 0 0 0 0 0 0 0 0 0 0 0 0 0 0 0 0 
10000 9989 9972 9927 9892 9826 9752 9697 9587 9502 9386 9234 9060 8850 8626 8365 8069 7700 7248 6678 5865 4546 
5383 0 0 0 0 0 0 0 0 0 0 0 0 0 0 0 0 0 0 0 0 0 
4106 0 0 0 0 0 0 0 0 0 0 0 0 0 0 0 0 0 0 0 0 0 
3418 0 0 0 0 0 0 0 0 0 0 0 0 0 0 0 0 0 0 0 0 0 
2791 0 0 0 0 0 0 0 0 0 0 0 0 0 0 0 0 0 0 0 0 0 
2352 0 0 0 0 0 0 0 0 0 0 0 0 0 0 0 0 0 0 0 0 0 
2022 0 0 0 0 0 0 0 0 0 0 0 0 0 0 0 0 0 0 0 0 0 
1709 0 0 0 0 0 0 0 0 0 0 0 0 0 0 0 0 0 0 0 0 0 
1459 0 0 0 0 0 0 0 0 0 0 0 0 0 0 0 0 0 0 0 0 0 
1208 0 0 0 0 0 0 0 0 0 0 0 0 0 0 0 0 0 0 0 0 0 
1008 0 0 0 0 0 0 0 0 0 0 0 0 0 0 0 0 0 0 0 0 0 
826 0 0 0 0 0 0 0 0 0 0 0 0 0 0 0 0 0 0 0 0 0 
620 0 0 0 0 0 0 0 0 0 0 0 0 0 0 0 0 0 0 0 0 0 
471 0 0 0 0 0 0 0 0 0 0 0 0 0 0 0 0 0 0 0 0 0 
340 0 0 0 0 0 0 0 0 0 0 0 0 0 0 0 0 0 0 0 0 0 
259 0 0 0 0 0 0 0 0 0 0 0 0 0 0 0 0 0 0 0 0 0 
161 0 0 0 0 0 0 0 0 0 0 0 0 0 0 0 0 0 0 0 0 0 
96 0 0 0 0 0 0 0 0 0 0 0 0 0 0 0 0 0 0 0 0 0 
10000 9983 9967 9931 9889 9835 9742 9680 9558 9439 9334 9193 8977 8815 8592 8292 7968 7571 7087 6531 5733 4524 
5415 0 0 0 0 0 0 0 0 0 0 0 0 0 0 0 0 0 0 0 0 0 
4229 0 0 0 0 0 0 0 0 0 0 0 0 0 0 0 0 0 0 0 0 0 
3518 0 0 0 0 0 0 0 0 0 0 0 0 0 0 0 0 0 0 0 0 0 
2942 0 0 0 0 0 0 0 0 0 0 0 0 0 0 0 0 0 0 0 0 0 
2511 0 0 0 0 0 0 0 0 0 0 0 0 0 0 0 0 0 0 0 0 0 
2140 0 0 0 0 0 0 0 0 0 0 0 0 0 0 0 0 0 0 0 0 0 
1816 0 0 0 0 0 0 0 0 0 0 0 0 0 0 0 0 0 0 0 0 0 
1512 0 0 0 0 0 0 0 0 0 0 0 0 0 0 0 0 0 0 0 0 0 
1268 0 0 0 0 0 0 0 0 0 0 0 0 0 0 0 0 0 0 0 0 0 
1080 0 0 0 0 0 0 0 0 0 0 0 0 0 0 0 0 0 0 0 0 0 
863 0 0 0 0 0 0 0 0 0 0 0 0 0 0 0 0 0 0 0 0 0 
660 0 0 0 0 0 0 0 0 0 0 0 0 0 0 0 0 0 0 0 0 0 
500 0 0 0 0 0 0 0 0 0 0 0 0 0 0 0 0 0 0 0 0 0 
377 0 0 0 0 0 0 0 0 0 0 0 0 0 0 0 0 0 0 0 0 0 
257 0 0 0 0 0 0 0 0 0 0 0 0 0 0 0 0 0 0 0 0 0 
168 0 0 0 0 0 0 0 0 0 0 0 0 0 0 0 0 0 0 0 0 0 
103 0 0 0 0 0 0 0 0 0 0 0 0 0 0 0 0 0 0 0 0 0 
10000 9993 9983 9928 9912 9892 9831 9764 9696 9621 9538 9432 9317 9149 9020 8869 8624 8399 8056 7643 7088 6033 
3938 0 0 0 0 0 0 0 0 0 0 0 0 0 0 0 0 0 0 0 0 0 
2941 0 0 0 0 0 0 0 0 0 0 0 0 0 0 0 0 0 0 0 0 0 
2417 0 0 0 0 0 0 0 0 0 0 0 0 0 0 0 0 0 0 0 0 0 
1983 0 0 0 0 0 0 0 0 0 0 0 0 0 0 0 0 0 0 0 0 0 
1669 0 0 0 0 0 0 0 0 0 0 0 0 0 0 0 0 0 0 0 0 0 
1439 0 0 0 0 0 0 0 0 0 0 0 0 0 0 0 0 0 0 0 0 0 
1180 0 0 0 0 0 0 0 0 0 0 0 0 0 0 0 0 0 0 0 0 0 
1013 0 0 0 0 0 0 0 0 0 0 0 0 0 0 0 0 0 0 0 0 0 
863 0 0 0 0 0 0 0 0 0 0 0 0 0 0 0 0 0 0 0 0 0 
735 0 0 0 0 0 0 0 0 0 0 0 0 0 0 0 0 0 0 0 0 0 
567 0 0 0 0 0 0 0 0 0 0 0 0 0 0 0 0 0 0 0 0 0 
458 0 0 0 0 0 0 0 0 0 0 0 0 0 0 0 0 0 0 0 0 0 
348 0 0 0 0 0 0 0 0 0 0 0 0 0 0 0 0 0 0 0 0 0 
272 0 0 0 0 0 0 0 0 0 0 0 0 0 0 0 0 0 0 0 0 0 
194 0 0 0 0 0 0 0 0 0 0 0 0 0 0 0 0 0 0 0 0 0 
128 0 0 0 0 0 0 0 0 0 0 0 0 0 0 0 0 0 0 0 0 0 
67 0 0 0 0 0 0 0 0 0 0 0 0 0 0 0 0 0 0 0 0 0 
