0 1 2 4 8 3 5 16 6 9 10 32 12 17 7 64 18 11 20 33 24 34 13 14 36 65 19 40 66 48 68 21 72 22 80 25 96 26 35 28 15 37 38 41 42 44 69 67 49 50 52 70 56 74 23 81 73 76 84 97 82 88 98 100 27 104 30 112 29 39 31 43 45 46 47 51 53 54 55 57 58 59 60 61 62 63 71 75 77 78 79 83 85 86 87 89 90 91 92 93 94 95 99 101 102 103 105 106 107 108 109 110 111 113 114 115 116 117 118 119 120 121 122 123 124 125 126 127 

0 1 2 4 8 3 5 16 6 9 10 32 12 17 7 64 18 20 11 33 24 34 13 36 14 65 19 40 66 48 21 68 22 72 80 96 25 26 35 28 15 37 41 38 42 44 69 67 49 50 52 70 56 74 23 81 73 76 84 97 82 88 100 98 27 104 30 112 29 39 31 43 45 46 47 51 53 54 55 57 58 59 60 61 62 63 71 75 77 78 79 83 85 86 87 89 90 91 92 93 94 95 99 101 102 103 105 106 107 108 109 110 111 113 114 115 116 117 118 119 120 121 122 123 124 125 126 127 

0.999999999982 0.999970634984 0.999932285966 0.968560224669 0.999405886244 0.926364126548 0.844487000045 0.299080459915 0.987409904256 0.735017924908 0.566328179216 0.086906859240 0.343247485335 0.023343530731 0.010759620375 0.000023825153 0.863058696521 0.327211274281 0.182679931278 0.005148580814 0.085788346002 0.000852265070 0.000416229249 0.000000000021 0.038141281957 0.000121493344 0.000046543550 0.000000000000 0.000025568346 0.000000000000 0.000000000000 0.000000000000 0.524946598781 0.060325845855 0.025733852432 0.000042220849 0.010419648197 0.000005722672 0.000003949978 0.000000000000 0.004480838092 0.000003734539 0.000000567550 0.000000000000 0.000000170013 0.000000000000 0.000000000000 0.000000000000 0.002084260535 0.000000036297 0.000000002802 0.000000000000 0.000000000526 0.000000000000 0.000000000000 0.000000000000 0.000000000136 0.000000000000 0.000000000000 0.000000000000 0.000000000000 0.000000000000 0.000000000000 0.000000000000 0.229923710806 0.005861127075 0.002357067014 0.000000042923 0.000928421793 0.000000154715 0.000000000450 0.000000000000 0.000421981626 0.000000000002 0.000000000031 0.000000000000 0.000000000001 0.000000000000 0.000000000000 0.000000000000 0.000201477016 0.000000000003 0.000000000000 0.000000000000 0.000000000000 0.000000000000 0.000000000000 0.000000000000 0.000000000000 0.000000000000 0.000000000000 0.000000000000 0.000000000000 0.000000000000 0.000000000000 0.000000000000 0.000110159832 0.000000000000 0.000000000000 0.000000000000 0.000000000000 0.000000000000 0.000000000000 0.000000000000 0.000000000000 0.000000000000 0.000000000000 0.000000000000 0.000000000000 0.000000000000 0.000000000000 0.000000000000 0.000000000000 0.000000000000 0.000000000000 0.000000000000 0.000000000000 0.000000000000 0.000000000000 0.000000000000 0.000000000000 0.000000000000 0.000000000000 0.000000000000 0.000000000000 0.000000000000 0.000000000000 0.000000000000 

0.992187500223 0.992185134934 0.992180829503 0.986996801214 0.992095277220 0.973484868206 0.935068880086 0.460982903591 0.989815261621 0.873774967810 0.740688389196 0.154856239685 0.525277562706 0.046599866454 0.022550967551 0.000045486237 0.948284716144 0.498317959009 0.311392715776 0.010694021423 0.164845810262 0.002184614520 0.000973505515 0.000000000006 0.079664167057 0.000246670498 0.000128517228 0.000000000000 0.000051686537 0.000000000000 0.000000000000 0.000000000000 0.740058062378 0.115467530073 0.054034232485 0.000078862502 0.023103411440 0.000012414153 0.000005948234 0.000000000000 0.010390168874 0.000007297973 0.000000543821 0.000000000000 0.000000125878 0.000000000000 0.000000000000 0.000000000000 0.004695713539 0.000000019109 0.000000001068 0.000000000000 0.000000000181 0.000000000000 0.000000000000 0.000000000000 0.000000000041 0.000000000000 0.000000000000 0.000000000000 0.000000000000 0.000000000000 0.000000000000 0.000000000000 0.425696943129 0.013640467867 0.005590218365 0.000000022549 0.002089844499 0.000000118111 0.000000000159 0.000000000000 0.000956590952 0.000000000000 0.000000000009 0.000000000000 0.000000000000 0.000000000000 0.000000000000 0.000000000000 0.000587871570 0.000000000001 0.000000000000 0.000000000000 0.000000000000 0.000000000000 0.000000000000 0.000000000000 0.000000000000 0.000000000000 0.000000000000 0.000000000000 0.000000000000 0.000000000000 0.000000000000 0.000000000000 0.000269290984 0.000000000000 0.000000000000 0.000000000000 0.000000000000 0.000000000000 0.000000000000 0.000000000000 0.000000000000 0.000000000000 0.000000000000 0.000000000000 0.000000000000 0.000000000000 0.000000000000 0.000000000000 0.000000000000 0.000000000000 0.000000000000 0.000000000000 0.000000000000 0.000000000000 0.000000000000 0.000000000000 0.000000000000 0.000000000000 0.000000000000 0.000000000000 0.000000000000 0.000000000000 0.000000000000 0.000000000000 

N_obs: 40000

File Format:
1- least to most reliable channels (taken entropies)
2- least to most reliable channels (taken error probabilities)
3- channels entropies
4- channels error probabilities
5- number of MontCarlo simulations