0 1 2 4 8 3 5 16 6 32 9 64 10 12 17 18 7 20 33 24 34 36 65 11 40 68 48 66 14 96 72 80 13 22 19 25 21 26 35 28 37 38 42 41 67 49 44 50 56 69 73 52 97 70 74 15 23 27 29 30 31 39 43 45 46 47 51 53 54 55 57 58 59 60 61 62 63 71 75 76 77 78 79 81 82 83 84 85 86 87 88 89 90 91 92 93 94 95 98 99 100 101 102 103 104 105 106 107 108 109 110 111 112 113 114 115 116 117 118 119 120 121 122 123 124 125 126 127 

0 1 2 4 8 3 16 5 6 32 9 64 10 12 17 18 7 20 24 33 34 36 65 11 40 68 48 66 13 14 96 80 72 22 19 25 21 26 35 28 37 38 42 41 67 49 44 50 56 69 73 52 97 70 74 15 23 27 29 30 31 39 43 45 46 47 51 53 54 55 57 58 59 60 61 62 63 71 75 76 77 78 79 81 82 83 84 85 86 87 88 89 90 91 92 93 94 95 98 99 100 101 102 103 104 105 106 107 108 109 110 111 112 113 114 115 116 117 118 119 120 121 122 123 124 125 126 127 

0.999946964297 0.973049592889 0.936788589350 0.480290609479 0.794126837320 0.240798659307 0.125485822058 0.002008172063 0.503782823093 0.058133874423 0.026277029215 0.000066199549 0.011348127929 0.000004791685 0.000011127187 0.000000000000 0.236461849246 0.007326112270 0.003113310396 0.000000069335 0.001310670997 0.000000000165 0.000000071857 0.000000000000 0.000655552379 0.000000003410 0.000000000009 0.000000000000 0.000000000001 0.000000000000 0.000000000000 0.000000000000 0.095985073753 0.000744803292 0.000338460293 0.000000000002 0.000152544497 0.000000000000 0.000000000000 0.000000000000 0.000053748900 0.000000000000 0.000000000000 0.000000000000 0.000000000000 0.000000000000 0.000000000000 0.000000000000 0.000031147364 0.000000000000 0.000000000000 0.000000000000 0.000000000000 0.000000000000 0.000000000000 0.000000000000 0.000000000000 0.000000000000 0.000000000000 0.000000000000 0.000000000000 0.000000000000 0.000000000000 0.000000000000 0.039840014762 0.000093899071 0.000027473972 0.000000000000 0.000039529556 0.000000000000 0.000000000000 0.000000000000 0.000005137075 0.000000000000 0.000000000000 0.000000000000 0.000000000000 0.000000000000 0.000000000000 0.000000000000 0.000004848260 0.000000000000 0.000000000000 0.000000000000 0.000000000000 0.000000000000 0.000000000000 0.000000000000 0.000000000000 0.000000000000 0.000000000000 0.000000000000 0.000000000000 0.000000000000 0.000000000000 0.000000000000 0.000009514960 0.000000000000 0.000000000000 0.000000000000 0.000000000000 0.000000000000 0.000000000000 0.000000000000 0.000000000000 0.000000000000 0.000000000000 0.000000000000 0.000000000000 0.000000000000 0.000000000000 0.000000000000 0.000000000000 0.000000000000 0.000000000000 0.000000000000 0.000000000000 0.000000000000 0.000000000000 0.000000000000 0.000000000000 0.000000000000 0.000000000000 0.000000000000 0.000000000000 0.000000000000 0.000000000000 0.000000000000 

0.992183253143 0.987607551385 0.975978920444 0.670163647450 0.911100463939 0.383858104193 0.225402310736 0.004030527321 0.706957832289 0.110554910661 0.053305228046 0.000169104108 0.024874080151 0.000025951128 0.000025529148 0.000000000000 0.416840272905 0.016207829771 0.006958382807 0.000000035224 0.003226702929 0.000000000048 0.000000047921 0.000000000000 0.001711279396 0.000000001439 0.000000000002 0.000000000000 0.000000000000 0.000000000000 0.000000000000 0.000000000000 0.199584093818 0.001610484729 0.000777196354 0.000000000000 0.000367628639 0.000000000000 0.000000000000 0.000000000000 0.000125407447 0.000000000000 0.000000000000 0.000000000000 0.000000000000 0.000000000000 0.000000000000 0.000000000000 0.000046815936 0.000000000000 0.000000000000 0.000000000000 0.000000000000 0.000000000000 0.000000000000 0.000000000000 0.000000000000 0.000000000000 0.000000000000 0.000000000000 0.000000000000 0.000000000000 0.000000000000 0.000000000000 0.091199854825 0.000200528703 0.000029799854 0.000000000000 0.000110563358 0.000000000000 0.000000000000 0.000000000000 0.000006789323 0.000000000000 0.000000000000 0.000000000000 0.000000000000 0.000000000000 0.000000000000 0.000000000000 0.000009766644 0.000000000000 0.000000000000 0.000000000000 0.000000000000 0.000000000000 0.000000000000 0.000000000000 0.000000000000 0.000000000000 0.000000000000 0.000000000000 0.000000000000 0.000000000000 0.000000000000 0.000000000000 0.000025044847 0.000000000000 0.000000000000 0.000000000000 0.000000000000 0.000000000000 0.000000000000 0.000000000000 0.000000000000 0.000000000000 0.000000000000 0.000000000000 0.000000000000 0.000000000000 0.000000000000 0.000000000000 0.000000000000 0.000000000000 0.000000000000 0.000000000000 0.000000000000 0.000000000000 0.000000000000 0.000000000000 0.000000000000 0.000000000000 0.000000000000 0.000000000000 0.000000000000 0.000000000000 0.000000000000 0.000000000000 

N_obs: 40000

File Format:
1- least to most reliable channels (taken entropies)
2- least to most reliable channels (taken error probabilities)
3- channels entropies
4- channels error probabilities
5- number of MontCarlo simulations