0 2 1 4 8 16 3 5 6 9 10 32 12 17 18 7 20 11 64 33 13 24 34 14 19 21 36 22 65 40 25 35 15 66 26 48 68 37 28 38 72 23 41 80 42 67 96 27 44 49 50 69 29 52 70 56 30 39 73 74 76 82 81 43 84 97 45 100 88 98 46 104 112 51 71 53 54 57 31 58 75 60 78 77 83 47 55 59 61 62 63 79 85 86 87 89 90 91 92 93 94 95 99 101 102 103 105 106 107 108 109 110 111 113 114 115 116 117 118 119 120 121 122 123 124 125 126 127 

8 0 2 1 4 16 5 3 6 9 10 32 12 17 18 7 11 20 64 33 13 24 34 14 19 36 21 65 22 40 25 35 66 15 48 26 68 37 28 38 72 23 41 80 42 67 96 44 27 49 50 69 29 52 70 30 56 39 73 74 76 82 81 43 84 97 45 100 88 98 46 104 112 51 71 53 54 57 31 58 75 60 78 77 83 47 55 59 61 62 63 79 85 86 87 89 90 91 92 93 94 95 99 101 102 103 105 106 107 108 109 110 111 113 114 115 116 117 118 119 120 121 122 123 124 125 126 127 

1.000000000000 1.000000000000 1.000000000000 0.999994687737 0.999999999999 0.999990188625 0.999977553171 0.979622663773 0.999999999839 0.999907611183 0.999817841372 0.951825369239 0.998465741346 0.890040651232 0.781278336610 0.221727281636 0.999999388091 0.996273333512 0.991699133010 0.770492254599 0.961525818928 0.585267800703 0.406548202638 0.036547705449 0.824731502618 0.279675301449 0.153699666308 0.003752770281 0.072907753784 0.000602921322 0.000256828752 0.000000000000 0.998724699145 0.896709891405 0.798421147977 0.245919987816 0.582433527139 0.091914859072 0.043746721742 0.000198709364 0.324755725005 0.019161110416 0.008023653031 0.000002292076 0.003713988369 0.000000385685 0.000000022167 0.000000000000 0.149611759782 0.002532832600 0.001134302412 0.000000000305 0.000465238527 0.000000000013 0.000000000000 0.000000000000 0.000257933070 0.000000000000 0.000000000000 0.000000000000 0.000000000000 0.000000000000 0.000000000000 0.000000000000 0.905920435788 0.391967357611 0.215794337933 0.007127508544 0.093713898125 0.000909976700 0.000422690376 0.000000000229 0.037208848609 0.000084639060 0.000054568370 0.000000000000 0.000019817020 0.000000000000 0.000000000000 0.000000000000 0.014748970354 0.000003703989 0.000005187876 0.000000000000 0.000001555370 0.000000000000 0.000000000000 0.000000000000 0.000000069153 0.000000000000 0.000000000000 0.000000000000 0.000000000000 0.000000000000 0.000000000000 0.000000000000 0.006293068142 0.000000707129 0.000000058884 0.000000000000 0.000000217031 0.000000000000 0.000000000000 0.000000000000 0.000000006680 0.000000000000 0.000000000000 0.000000000000 0.000000000000 0.000000000000 0.000000000000 0.000000000000 0.000000000383 0.000000000000 0.000000000000 0.000000000000 0.000000000000 0.000000000000 0.000000000000 0.000000000000 0.000000000000 0.000000000000 0.000000000000 0.000000000000 0.000000000000 0.000000000000 0.000000000000 0.000000000000 

0.992187500000 0.992187499900 0.992187499950 0.992186400104 0.992187499884 0.992187192946 0.992185265026 0.989379434840 0.992187500996 0.992177285571 0.992169666852 0.982726633374 0.991962916390 0.959255004170 0.901228983712 0.360115889536 0.992187395774 0.991679937300 0.990788421305 0.897920127113 0.982234372657 0.755646124066 0.581871338129 0.068999357281 0.925607991044 0.430544620882 0.265226542712 0.007787202580 0.139317097128 0.001445771890 0.000560507597 0.000000000000 0.992036252957 0.962398052609 0.910126545186 0.386852005601 0.762344109225 0.165474944897 0.084627119872 0.000452522204 0.516622754834 0.038815406943 0.017746453815 0.000001756152 0.007819455941 0.000000317963 0.000000011361 0.000000000000 0.283518676306 0.005726922743 0.002622342761 0.000000000091 0.001119718086 0.000000000003 0.000000000000 0.000000000000 0.000533934992 0.000000000000 0.000000000000 0.000000000000 0.000000000000 0.000000000000 0.000000000000 0.000000000000 0.969005103629 0.584302396842 0.367841816435 0.015192920367 0.183952772252 0.002057909089 0.000981760089 0.000000000081 0.080287229673 0.000206993432 0.000206317358 0.000000000000 0.000071443336 0.000000000000 0.000000000000 0.000000000000 0.034101426653 0.000002828542 0.000011739215 0.000000000000 0.000001376920 0.000000000000 0.000000000000 0.000000000000 0.000000034530 0.000000000000 0.000000000000 0.000000000000 0.000000000000 0.000000000000 0.000000000000 0.000000000000 0.014796868454 0.000000625754 0.000000026899 0.000000000000 0.000000162195 0.000000000000 0.000000000000 0.000000000000 0.000000002753 0.000000000000 0.000000000000 0.000000000000 0.000000000000 0.000000000000 0.000000000000 0.000000000000 0.000000000122 0.000000000000 0.000000000000 0.000000000000 0.000000000000 0.000000000000 0.000000000000 0.000000000000 0.000000000000 0.000000000000 0.000000000000 0.000000000000 0.000000000000 0.000000000000 0.000000000000 0.000000000000 

N_obs: 40000

File Format:
1- least to most reliable channels (taken entropies)
2- least to most reliable channels (taken error probabilities)
3- channels entropies
4- channels error probabilities
5- number of MontCarlo simulations