0 1 2 4 8 3 16 5 6 9 10 32 12 17 7 18 11 20 64 33 13 24 34 14 19 36 21 65 40 22 66 25 48 35 15 68 26 28 72 37 80 38 96 23 41 42 67 44 49 27 50 52 69 56 29 70 73 30 39 81 74 76 97 82 84 88 98 100 43 45 104 112 46 51 57 53 54 71 60 58 31 47 55 59 61 62 63 75 77 78 79 83 85 86 87 89 90 91 92 93 94 95 99 101 102 103 105 106 107 108 109 110 111 113 114 115 116 117 118 119 120 121 122 123 124 125 126 127 

4 0 1 2 8 3 16 5 6 9 10 32 12 17 7 18 11 64 20 33 13 24 34 14 19 36 21 65 40 22 66 48 25 35 15 68 26 72 28 37 80 38 96 41 23 42 67 44 49 27 50 69 52 56 29 73 70 30 39 81 74 76 97 82 84 88 98 100 43 45 104 112 46 51 57 53 54 71 60 58 31 47 55 59 61 62 63 75 77 78 79 83 85 86 87 89 90 91 92 93 94 95 99 101 102 103 105 106 107 108 109 110 111 113 114 115 116 117 118 119 120 121 122 123 124 125 126 127 

1.000000000000 0.999999999750 0.999999999303 0.999827428883 0.999999996550 0.999623060839 0.999118291502 0.902333623189 0.999999616836 0.996895224965 0.992883127002 0.781856009896 0.964623292557 0.593170301443 0.407191619499 0.035259750330 0.999751447403 0.949911901539 0.895878509475 0.393709640996 0.737451496768 0.189470626141 0.100374388388 0.001363992121 0.472100535771 0.050927023918 0.023452426733 0.000072525362 0.010673883430 0.000022770290 0.000005909443 0.000000000000 0.972286288794 0.622468564251 0.432643641146 0.041282689354 0.232290500631 0.008923023194 0.004013560709 0.000000834384 0.104874997691 0.001243175170 0.000511838739 0.000000000194 0.000234113165 0.000000000042 0.000000000000 0.000000000000 0.045998118621 0.000169957576 0.000069573282 0.000000000000 0.000037693583 0.000000000000 0.000000000000 0.000000000000 0.000030631432 0.000000000000 0.000000000000 0.000000000000 0.000000000000 0.000000000000 0.000000000000 0.000000000000 0.705902732098 0.144777031292 0.063460716207 0.000363896547 0.024477425840 0.000036738977 0.000017426092 0.000000000000 0.009372101737 0.000012883357 0.000000700046 0.000000000000 0.000000299406 0.000000000000 0.000000000000 0.000000000000 0.004043902068 0.000000765544 0.000000013555 0.000000000000 0.000000008144 0.000000000000 0.000000000000 0.000000000000 0.000000001128 0.000000000000 0.000000000000 0.000000000000 0.000000000000 0.000000000000 0.000000000000 0.000000000000 0.001879547264 0.000000039870 0.000000000575 0.000000000000 0.000000000462 0.000000000000 0.000000000000 0.000000000000 0.000000000011 0.000000000000 0.000000000000 0.000000000000 0.000000000000 0.000000000000 0.000000000000 0.000000000000 0.000000000002 0.000000000000 0.000000000000 0.000000000000 0.000000000000 0.000000000000 0.000000000000 0.000000000000 0.000000000000 0.000000000000 0.000000000000 0.000000000000 0.000000000000 0.000000000000 0.000000000000 0.000000000000 

0.992187500000 0.992187499294 0.992187495797 0.992169724949 0.992187503660 0.992150058460 0.992095468810 0.969056198099 0.992187424695 0.991753491752 0.991026312459 0.907558586480 0.983724016404 0.764361360160 0.587479051853 0.067914650034 0.992155600339 0.980035976384 0.957983864052 0.566942062910 0.872551079410 0.308212055865 0.180211328665 0.002738868979 0.668102337368 0.096673346462 0.047142721303 0.000205767849 0.022422193061 0.000049950948 0.000008426581 0.000000000000 0.986784224469 0.797514371314 0.619763940254 0.078620168875 0.391207223284 0.018746573843 0.008796382517 0.000000919054 0.203150208216 0.002796719208 0.001342320457 0.000000000066 0.000586133956 0.000000000013 0.000000000000 0.000000000000 0.098723362330 0.000331743931 0.000204512183 0.000000000000 0.000064562864 0.000000000000 0.000000000000 0.000000000000 0.000061143216 0.000000000000 0.000000000000 0.000000000000 0.000000000000 0.000000000000 0.000000000000 0.000000000000 0.878301918362 0.259529932730 0.127621243127 0.000805374942 0.053938936694 0.000104553299 0.000025438712 0.000000000000 0.022442732593 0.000034774154 0.000000452792 0.000000000000 0.000000214761 0.000000000000 0.000000000000 0.000000000000 0.009884608441 0.000000708243 0.000000005632 0.000000000000 0.000000003745 0.000000000000 0.000000000000 0.000000000000 0.000000000414 0.000000000000 0.000000000000 0.000000000000 0.000000000000 0.000000000000 0.000000000000 0.000000000000 0.004641945909 0.000000021887 0.000000000197 0.000000000000 0.000000000161 0.000000000000 0.000000000000 0.000000000000 0.000000000003 0.000000000000 0.000000000000 0.000000000000 0.000000000000 0.000000000000 0.000000000000 0.000000000000 0.000000000000 0.000000000000 0.000000000000 0.000000000000 0.000000000000 0.000000000000 0.000000000000 0.000000000000 0.000000000000 0.000000000000 0.000000000000 0.000000000000 0.000000000000 0.000000000000 0.000000000000 0.000000000000 

N_obs: 40000

File Format:
1- least to most reliable channels (taken entropies)
2- least to most reliable channels (taken error probabilities)
3- channels entropies
4- channels error probabilities
5- number of MontCarlo simulations