0 1 2 4 8 16 3 32 64 5 6 9 10 12 17 18 20 24 33 65 34 36 40 80 68 66 48 72 96 7 14 11 13 19 21 15 22 23 25 26 27 28 29 30 31 35 37 38 39 41 42 43 44 45 46 47 49 50 51 52 53 54 55 56 57 58 59 60 61 62 63 67 69 70 71 73 74 75 76 77 78 79 81 82 83 84 85 86 87 88 89 90 91 92 93 94 95 97 98 99 100 101 102 103 104 105 106 107 108 109 110 111 112 113 114 115 116 117 118 119 120 121 122 123 124 125 126 127 

0 1 2 4 8 16 3 32 64 5 6 9 10 17 12 18 20 24 33 65 34 36 40 80 68 66 48 72 96 7 14 11 13 19 21 15 22 23 25 26 27 28 29 30 31 35 37 38 39 41 42 43 44 45 46 47 49 50 51 52 53 54 55 56 57 58 59 60 61 62 63 67 69 70 71 73 74 75 76 77 78 79 81 82 83 84 85 86 87 88 89 90 91 92 93 94 95 97 98 99 100 101 102 103 104 105 106 107 108 109 110 111 112 113 114 115 116 117 118 119 120 121 122 123 124 125 126 127 

0.942343224532 0.486445632533 0.287804902059 0.014264514211 0.129726423214 0.002009604716 0.000862835114 0.000000000125 0.051268551012 0.000215304904 0.000128284066 0.000000000000 0.000038023544 0.000000000000 0.000000000000 0.000000000000 0.020680218886 0.000033280592 0.000008973913 0.000000000000 0.000006736564 0.000000000000 0.000000000000 0.000000000000 0.000000724721 0.000000000000 0.000000000000 0.000000000000 0.000000000000 0.000000000000 0.000000000000 0.000000000000 0.008436918195 0.000000550351 0.000000317190 0.000000000000 0.000000161941 0.000000000000 0.000000000000 0.000000000000 0.000000139516 0.000000000000 0.000000000000 0.000000000000 0.000000000000 0.000000000000 0.000000000000 0.000000000000 0.000000008093 0.000000000000 0.000000000000 0.000000000000 0.000000000000 0.000000000000 0.000000000000 0.000000000000 0.000000000000 0.000000000000 0.000000000000 0.000000000000 0.000000000000 0.000000000000 0.000000000000 0.000000000000 0.003874288011 0.000000427409 0.000000011305 0.000000000000 0.000000028434 0.000000000000 0.000000000000 0.000000000000 0.000000001796 0.000000000000 0.000000000000 0.000000000000 0.000000000000 0.000000000000 0.000000000000 0.000000000000 0.000000070976 0.000000000000 0.000000000000 0.000000000000 0.000000000000 0.000000000000 0.000000000000 0.000000000000 0.000000000000 0.000000000000 0.000000000000 0.000000000000 0.000000000000 0.000000000000 0.000000000000 0.000000000000 0.000000000384 0.000000000000 0.000000000000 0.000000000000 0.000000000000 0.000000000000 0.000000000000 0.000000000000 0.000000000000 0.000000000000 0.000000000000 0.000000000000 0.000000000000 0.000000000000 0.000000000000 0.000000000000 0.000000000000 0.000000000000 0.000000000000 0.000000000000 0.000000000000 0.000000000000 0.000000000000 0.000000000000 0.000000000000 0.000000000000 0.000000000000 0.000000000000 0.000000000000 0.000000000000 0.000000000000 0.000000000000 

0.980124177556 0.683939038246 0.465603303704 0.029266596654 0.243884272426 0.004390338513 0.001783491919 0.000000000039 0.108777561553 0.000567579221 0.000267211548 0.000000000000 0.000073212512 0.000000000000 0.000000000000 0.000000000000 0.047583092247 0.000105061922 0.000011360668 0.000000000000 0.000007785374 0.000000000000 0.000000000000 0.000000000000 0.000000485397 0.000000000000 0.000000000000 0.000000000000 0.000000000000 0.000000000000 0.000000000000 0.000000000000 0.019959853157 0.000000332198 0.000000190368 0.000000000000 0.000000109448 0.000000000000 0.000000000000 0.000000000000 0.000000089323 0.000000000000 0.000000000000 0.000000000000 0.000000000000 0.000000000000 0.000000000000 0.000000000000 0.000000003359 0.000000000000 0.000000000000 0.000000000000 0.000000000000 0.000000000000 0.000000000000 0.000000000000 0.000000000000 0.000000000000 0.000000000000 0.000000000000 0.000000000000 0.000000000000 0.000000000000 0.000000000000 0.008926279700 0.000000291418 0.000000005164 0.000000000000 0.000000015308 0.000000000000 0.000000000000 0.000000000000 0.000000000656 0.000000000000 0.000000000000 0.000000000000 0.000000000000 0.000000000000 0.000000000000 0.000000000000 0.000000047159 0.000000000000 0.000000000000 0.000000000000 0.000000000000 0.000000000000 0.000000000000 0.000000000000 0.000000000000 0.000000000000 0.000000000000 0.000000000000 0.000000000000 0.000000000000 0.000000000000 0.000000000000 0.000000000133 0.000000000000 0.000000000000 0.000000000000 0.000000000000 0.000000000000 0.000000000000 0.000000000000 0.000000000000 0.000000000000 0.000000000000 0.000000000000 0.000000000000 0.000000000000 0.000000000000 0.000000000000 0.000000000000 0.000000000000 0.000000000000 0.000000000000 0.000000000000 0.000000000000 0.000000000000 0.000000000000 0.000000000000 0.000000000000 0.000000000000 0.000000000000 0.000000000000 0.000000000000 0.000000000000 0.000000000000 

N_obs: 40000

File Format:
1- least to most reliable channels (taken entropies)
2- least to most reliable channels (taken error probabilities)
3- channels entropies
4- channels error probabilities
5- number of MontCarlo simulations