0 1 2 4 8 3 5 16 6 9 10 32 12 17 7 18 64 11 20 33 13 24 34 14 19 36 65 40 21 66 48 22 68 25 35 72 26 15 80 28 96 37 38 41 42 44 67 23 50 49 52 69 56 70 73 27 29 76 30 74 81 82 97 98 88 39 84 104 112 100 43 45 31 46 47 51 53 54 55 57 58 59 60 61 62 63 71 75 77 78 79 83 85 86 87 89 90 91 92 93 94 95 99 101 102 103 105 106 107 108 109 110 111 113 114 115 116 117 118 119 120 121 122 123 124 125 126 127 

0 1 2 4 8 3 5 16 6 9 10 32 12 17 7 18 64 11 20 33 13 24 34 14 19 36 65 40 21 66 48 22 68 25 35 72 26 15 80 28 96 37 38 41 42 44 67 50 23 49 52 69 56 70 73 27 29 76 30 74 81 82 97 98 88 39 84 104 112 100 43 45 31 46 47 51 53 54 55 57 58 59 60 61 62 63 71 75 77 78 79 83 85 86 87 89 90 91 92 93 94 95 99 101 102 103 105 106 107 108 109 110 111 113 114 115 116 117 118 119 120 121 122 123 124 125 126 127 

1.000000000000 0.999999700795 0.999999655467 0.996806365076 0.999997366499 0.992487181639 0.982431891114 0.674252013696 0.999802875343 0.954409441291 0.905951198682 0.410694133311 0.749107926058 0.199892860690 0.103862851129 0.001456883390 0.986753820788 0.726998956701 0.556399191390 0.082774200928 0.336185473512 0.021800929384 0.009655862860 0.000003520558 0.165464416516 0.003770562075 0.001735579968 0.000000005873 0.000800714258 0.000000002742 0.000000000650 0.000000000000 0.821423891155 0.263373529579 0.134398968041 0.002424306220 0.058971374405 0.000340326035 0.000150156492 0.000000000001 0.025467763007 0.000041196287 0.000026185837 0.000000000000 0.000018759730 0.000000000000 0.000000000000 0.000000000000 0.010993614199 0.000002740605 0.000002760811 0.000000000000 0.000000930013 0.000000000000 0.000000000000 0.000000000000 0.000000045224 0.000000000000 0.000000000000 0.000000000000 0.000000000000 0.000000000000 0.000000000000 0.000000000000 0.442712947706 0.034097690564 0.012946485535 0.000008102486 0.005055565384 0.000000164199 0.000000025304 0.000000000000 0.002056488070 0.000000014310 0.000000000347 0.000000000000 0.000000001492 0.000000000000 0.000000000000 0.000000000000 0.000895363362 0.000000000238 0.000000000011 0.000000000000 0.000000000001 0.000000000000 0.000000000000 0.000000000000 0.000000000002 0.000000000000 0.000000000000 0.000000000000 0.000000000000 0.000000000000 0.000000000000 0.000000000000 0.000448442942 0.000000000007 0.000000000004 0.000000000000 0.000000000000 0.000000000000 0.000000000000 0.000000000000 0.000000000001 0.000000000000 0.000000000000 0.000000000000 0.000000000000 0.000000000000 0.000000000000 0.000000000000 0.000000000000 0.000000000000 0.000000000000 0.000000000000 0.000000000000 0.000000000000 0.000000000000 0.000000000000 0.000000000000 0.000000000000 0.000000000000 0.000000000000 0.000000000000 0.000000000000 0.000000000000 0.000000000000 

0.992187500001 0.992187469773 0.992187364894 0.991821772054 0.992187336723 0.991158276270 0.989200918912 0.841639251901 0.992164979702 0.981470723963 0.961912490499 0.588600359733 0.879952539790 0.325736634139 0.186889437062 0.003245588031 0.989797992035 0.868837198123 0.732942371304 0.148243407310 0.514976368297 0.042238202950 0.020410062239 0.000004971728 0.296736447749 0.008237025885 0.004049334013 0.000000002481 0.001823919948 0.000000001023 0.000000000248 0.000000000000 0.932344827799 0.420552896982 0.240154378306 0.005161678489 0.120231594455 0.000808054289 0.000354819846 0.000000000000 0.056218563328 0.000080034344 0.000065235904 0.000000000000 0.000053156577 0.000000000000 0.000000000000 0.000000000000 0.025058442998 0.000002361352 0.000024226574 0.000000000000 0.000001029623 0.000000000000 0.000000000000 0.000000000000 0.000000020846 0.000000000000 0.000000000000 0.000000000000 0.000000000000 0.000000000000 0.000000000000 0.000000000000 0.676040171728 0.070101200661 0.029180162521 0.000031253246 0.011514901315 0.000000093171 0.000000010836 0.000000000000 0.005035455599 0.000000006967 0.000000000105 0.000000000000 0.000000000585 0.000000000000 0.000000000000 0.000000000000 0.002073669099 0.000000000081 0.000000000003 0.000000000000 0.000000000000 0.000000000000 0.000000000000 0.000000000000 0.000000000000 0.000000000000 0.000000000000 0.000000000000 0.000000000000 0.000000000000 0.000000000000 0.000000000000 0.001173467728 0.000000000002 0.000000000001 0.000000000000 0.000000000000 0.000000000000 0.000000000000 0.000000000000 0.000000000000 0.000000000000 0.000000000000 0.000000000000 0.000000000000 0.000000000000 0.000000000000 0.000000000000 0.000000000000 0.000000000000 0.000000000000 0.000000000000 0.000000000000 0.000000000000 0.000000000000 0.000000000000 0.000000000000 0.000000000000 0.000000000000 0.000000000000 0.000000000000 0.000000000000 0.000000000000 0.000000000000 

N_obs: 40000

File Format:
1- least to most reliable channels (taken entropies)
2- least to most reliable channels (taken error probabilities)
3- channels entropies
4- channels error probabilities
5- number of MontCarlo simulations