0 1 2 4 8 3 16 5 32 6 64 9 10 12 17 18 20 24 33 34 7 36 40 65 48 66 68 80 72 11 96 14 13 25 19 22 21 26 35 28 38 42 37 41 15 23 27 29 30 31 39 43 44 45 46 47 49 50 51 52 53 54 55 56 57 58 59 60 61 62 63 67 69 70 71 73 74 75 76 77 78 79 81 82 83 84 85 86 87 88 89 90 91 92 93 94 95 97 98 99 100 101 102 103 104 105 106 107 108 109 110 111 112 113 114 115 116 117 118 119 120 121 122 123 124 125 126 127 

0 1 2 4 8 3 16 32 5 6 64 9 10 12 17 18 20 24 33 7 34 36 48 40 65 66 68 80 72 11 96 14 13 25 19 22 21 26 35 28 38 42 37 41 15 23 27 29 30 31 39 43 44 45 46 47 49 50 51 52 53 54 55 56 57 58 59 60 61 62 63 67 69 70 71 73 74 75 76 77 78 79 81 82 83 84 85 86 87 88 89 90 91 92 93 94 95 97 98 99 100 101 102 103 104 105 106 107 108 109 110 111 112 113 114 115 116 117 118 119 120 121 122 123 124 125 126 127 

0.996177648034 0.825397029658 0.670163961752 0.134358262409 0.410487844481 0.034387500081 0.015499037312 0.000016434719 0.189154811265 0.004637706904 0.001921086872 0.000000022494 0.000900904760 0.000000000143 0.000000006174 0.000000000000 0.077249496983 0.000489481921 0.000217352452 0.000000000000 0.000116696691 0.000000000000 0.000000000000 0.000000000000 0.000058812289 0.000000000004 0.000000000000 0.000000000000 0.000000000000 0.000000000000 0.000000000000 0.000000000000 0.031520700521 0.000043673525 0.000022440552 0.000000000000 0.000014586521 0.000000000000 0.000000000000 0.000000000000 0.000003961904 0.000000000000 0.000000000000 0.000000000000 0.000000000000 0.000000000000 0.000000000000 0.000000000000 0.000003723562 0.000000000000 0.000000000000 0.000000000000 0.000000000000 0.000000000000 0.000000000000 0.000000000000 0.000000000000 0.000000000000 0.000000000000 0.000000000000 0.000000000000 0.000000000000 0.000000000000 0.000000000000 0.013357989370 0.000003823381 0.000001564387 0.000000000000 0.000000959461 0.000000000000 0.000000000000 0.000000000000 0.000000191167 0.000000000000 0.000000000000 0.000000000000 0.000000000000 0.000000000000 0.000000000000 0.000000000000 0.000000679758 0.000000000000 0.000000000000 0.000000000000 0.000000000000 0.000000000000 0.000000000000 0.000000000000 0.000000000000 0.000000000000 0.000000000000 0.000000000000 0.000000000000 0.000000000000 0.000000000000 0.000000000000 0.000000011503 0.000000000000 0.000000000000 0.000000000000 0.000000000000 0.000000000000 0.000000000000 0.000000000000 0.000000000000 0.000000000000 0.000000000000 0.000000000000 0.000000000000 0.000000000000 0.000000000000 0.000000000000 0.000000000000 0.000000000000 0.000000000000 0.000000000000 0.000000000000 0.000000000000 0.000000000000 0.000000000000 0.000000000000 0.000000000000 0.000000000000 0.000000000000 0.000000000000 0.000000000000 0.000000000000 0.000000000000 

0.991687788124 0.935019837848 0.832141169133 0.234417870357 0.608812279240 0.067763060168 0.032121659409 0.000058668575 0.342077408274 0.010231763727 0.004226585942 0.000000011827 0.002037728283 0.000000000044 0.000000002954 0.000000000000 0.161544604290 0.001173737791 0.000484836831 0.000000000000 0.000286308589 0.000000000000 0.000000000000 0.000000000000 0.000165520790 0.000000000001 0.000000000000 0.000000000000 0.000000000000 0.000000000000 0.000000000000 0.000000000000 0.072651263509 0.000090650789 0.000046776503 0.000000000000 0.000041596907 0.000000000000 0.000000000000 0.000000000000 0.000006509841 0.000000000000 0.000000000000 0.000000000000 0.000000000000 0.000000000000 0.000000000000 0.000000000000 0.000007340248 0.000000000000 0.000000000000 0.000000000000 0.000000000000 0.000000000000 0.000000000000 0.000000000000 0.000000000000 0.000000000000 0.000000000000 0.000000000000 0.000000000000 0.000000000000 0.000000000000 0.000000000000 0.031647403281 0.000004422165 0.000001591405 0.000000000000 0.000000842220 0.000000000000 0.000000000000 0.000000000000 0.000000123498 0.000000000000 0.000000000000 0.000000000000 0.000000000000 0.000000000000 0.000000000000 0.000000000000 0.000000583371 0.000000000000 0.000000000000 0.000000000000 0.000000000000 0.000000000000 0.000000000000 0.000000000000 0.000000000000 0.000000000000 0.000000000000 0.000000000000 0.000000000000 0.000000000000 0.000000000000 0.000000000000 0.000000004877 0.000000000000 0.000000000000 0.000000000000 0.000000000000 0.000000000000 0.000000000000 0.000000000000 0.000000000000 0.000000000000 0.000000000000 0.000000000000 0.000000000000 0.000000000000 0.000000000000 0.000000000000 0.000000000000 0.000000000000 0.000000000000 0.000000000000 0.000000000000 0.000000000000 0.000000000000 0.000000000000 0.000000000000 0.000000000000 0.000000000000 0.000000000000 0.000000000000 0.000000000000 0.000000000000 0.000000000000 

N_obs: 40000

File Format:
1- least to most reliable channels (taken entropies)
2- least to most reliable channels (taken error probabilities)
3- channels entropies
4- channels error probabilities
5- number of MontCarlo simulations