0 1 2 4 8 3 5 16 6 9 32 10 64 12 17 7 18 20 33 24 11 34 36 65 13 40 14 66 48 68 19 72 80 96 21 22 26 25 35 28 37 38 42 41 15 49 67 44 52 50 69 76 56 73 74 81 70 82 97 84 100 88 98 23 27 29 30 31 39 43 45 46 47 51 53 54 55 57 58 59 60 61 62 63 71 75 77 78 79 83 85 86 87 89 90 91 92 93 94 95 99 101 102 103 104 105 106 107 108 109 110 111 112 113 114 115 116 117 118 119 120 121 122 123 124 125 126 127 

0 1 2 4 8 3 5 16 6 9 32 10 64 12 17 7 18 20 33 24 11 34 36 65 13 40 14 66 48 68 19 72 80 96 21 22 26 25 35 28 37 38 42 41 15 49 67 44 52 50 69 76 56 73 74 81 70 82 97 84 88 100 98 23 27 29 30 31 39 43 45 46 47 51 53 54 55 57 58 59 60 61 62 63 71 75 77 78 79 83 85 86 87 89 90 91 92 93 94 95 99 101 102 103 104 105 106 107 108 109 110 111 112 113 114 115 116 117 118 119 120 121 122 123 124 125 126 127 

0.999999913570 0.998398750380 0.996295197915 0.826474441593 0.977266318009 0.654556831851 0.468184022084 0.051017862987 0.855901731190 0.317685159483 0.177779293790 0.005013386899 0.084727090390 0.000791291018 0.000423280292 0.000000000086 0.544088304933 0.070227628779 0.030837253554 0.000085004531 0.013129662573 0.000014642100 0.000005527411 0.000000000000 0.005875100940 0.000000161959 0.000000169053 0.000000000000 0.000000018664 0.000000000000 0.000000000000 0.000000000000 0.250561101442 0.008091821370 0.003231554672 0.000000070675 0.001310380216 0.000000000935 0.000000000557 0.000000000000 0.000625763079 0.000000000132 0.000000000535 0.000000000000 0.000000000002 0.000000000000 0.000000000000 0.000000000000 0.000271118185 0.000000000071 0.000000000000 0.000000000000 0.000000000000 0.000000000000 0.000000000000 0.000000000000 0.000000000000 0.000000000000 0.000000000000 0.000000000000 0.000000000000 0.000000000000 0.000000000000 0.000000000000 0.102043798972 0.000884737183 0.000291408138 0.000000000002 0.000145827481 0.000000000000 0.000000000000 0.000000000000 0.000069106173 0.000000000000 0.000000000000 0.000000000000 0.000000000000 0.000000000000 0.000000000000 0.000000000000 0.000041385202 0.000000000000 0.000000000000 0.000000000000 0.000000000000 0.000000000000 0.000000000000 0.000000000000 0.000000000000 0.000000000000 0.000000000000 0.000000000000 0.000000000000 0.000000000000 0.000000000000 0.000000000000 0.000020216190 0.000000000000 0.000000000000 0.000000000000 0.000000000000 0.000000000000 0.000000000000 0.000000000000 0.000000000000 0.000000000000 0.000000000000 0.000000000000 0.000000000000 0.000000000000 0.000000000000 0.000000000000 0.000000000000 0.000000000000 0.000000000000 0.000000000000 0.000000000000 0.000000000000 0.000000000000 0.000000000000 0.000000000000 0.000000000000 0.000000000000 0.000000000000 0.000000000000 0.000000000000 0.000000000000 0.000000000000 

0.992187511125 0.992008519251 0.991710751611 0.936678603186 0.987464061296 0.818260395198 0.654306942814 0.095962075588 0.942795346659 0.483088916701 0.302540972716 0.010559221008 0.161474077061 0.001751728515 0.001084139738 0.000000000025 0.748937068052 0.133271763288 0.063031646731 0.000210546021 0.029236092893 0.000027419949 0.000019563620 0.000000000000 0.013412115223 0.000000080364 0.000000096269 0.000000000000 0.000000007826 0.000000000000 0.000000000000 0.000000000000 0.444329082924 0.017971748412 0.007705016731 0.000000036178 0.003154391206 0.000000000334 0.000000000199 0.000000000000 0.001454200246 0.000000000043 0.000000000186 0.000000000000 0.000000000000 0.000000000000 0.000000000000 0.000000000000 0.000503327426 0.000000000023 0.000000000000 0.000000000000 0.000000000000 0.000000000000 0.000000000000 0.000000000000 0.000000000000 0.000000000000 0.000000000000 0.000000000000 0.000000000000 0.000000000000 0.000000000000 0.000000000000 0.214902406299 0.002274989323 0.000643537269 0.000000000001 0.000251226003 0.000000000000 0.000000000000 0.000000000000 0.000131142833 0.000000000000 0.000000000000 0.000000000000 0.000000000000 0.000000000000 0.000000000000 0.000000000000 0.000105953212 0.000000000000 0.000000000000 0.000000000000 0.000000000000 0.000000000000 0.000000000000 0.000000000000 0.000000000000 0.000000000000 0.000000000000 0.000000000000 0.000000000000 0.000000000000 0.000000000000 0.000000000000 0.000030780846 0.000000000000 0.000000000000 0.000000000000 0.000000000000 0.000000000000 0.000000000000 0.000000000000 0.000000000000 0.000000000000 0.000000000000 0.000000000000 0.000000000000 0.000000000000 0.000000000000 0.000000000000 0.000000000000 0.000000000000 0.000000000000 0.000000000000 0.000000000000 0.000000000000 0.000000000000 0.000000000000 0.000000000000 0.000000000000 0.000000000000 0.000000000000 0.000000000000 0.000000000000 0.000000000000 0.000000000000 

N_obs: 40000

File Format:
1- least to most reliable channels (taken entropies)
2- least to most reliable channels (taken error probabilities)
3- channels entropies
4- channels error probabilities
5- number of MontCarlo simulations