2 4 8 1 16 0 32 3 5 6 9 10 12 17 18 20 24 33 34 36 7 11 40 13 14 19 21 22 25 26 28 35 48 37 38 41 15 23 42 27 29 44 30 39 49 50 43 52 45 31 56 46 51 53 54 57 47 58 60 55 61 59 62 63 

5 5 5 5 5 5 5 5 5 5 5 5 5 5 5 5 5 5 5 5 5 5 5 5 5 5 5 5 5 5 5 5 48 48 48 48 48 48 48 48 48 48 48 48 48 48 48 48 2 2 2 2 2 2 2 2 2 2 2 2 2 2 2 2 25 25 25 25 25 25 25 25 59 59 59 59 59 59 59 59 33 33 33 33 33 33 33 33 50 50 50 50 50 50 50 50 44 44 44 44 32 32 32 32 35 35 35 35 29 29 29 29 57 57 57 57 56 56 56 56 13 13 13 13 38 38 38 38 2 2 29 29 39 39 34 34 2 2 57 57 3 3 2 2 10 10 43 43 36 36 56 56 17 17 16 16 4 4 21 21 25 33 54 58 28 63 49 1 32 49 38 8 52 4 28 54 45 15 49 1 16 31 24 29 4 32 47 3 10 48 24 24 

13 11 3 7 5 10 33 6 14 9 17 0 12 18 21 24 32 19 20 16 1 4 8 34 2 36 22 25 26 40 35 15 28 37 23 38 27 48 41 42 29 30 39 44 49 50 43 52 45 31 56 46 51 53 54 58 57 47 60 55 59 61 62 63 

5 5 5 5 5 5 5 5 5 5 5 5 5 5 5 5 5 5 5 5 5 5 5 5 5 5 5 5 5 5 5 5 48 48 48 48 48 48 48 48 48 48 48 48 48 48 48 48 2 2 2 2 2 2 2 2 2 2 2 2 2 2 2 2 25 25 25 25 25 25 25 25 59 59 59 59 59 59 59 59 33 33 33 33 33 33 33 33 50 50 50 50 50 50 50 50 44 44 44 44 32 32 32 32 35 35 35 35 29 29 29 29 57 57 57 57 56 56 56 56 13 13 13 13 38 38 38 38 2 2 29 29 39 39 34 34 2 2 57 57 3 3 2 2 10 10 43 43 36 36 56 56 17 17 16 16 4 4 21 21 25 33 54 58 28 63 49 1 32 49 38 8 52 4 28 54 45 15 49 1 16 31 24 29 4 32 47 3 10 48 24 24 

1.00085 1.00309 1.00457 0.980611 1.00454 0.975569 0.973244 0.849462 1.00344 0.966412 0.963385 0.81164 0.96062 0.792218 0.783767 0.386972 1.00249 0.960247 0.953885 0.760358 0.94925 0.737833 0.728134 0.331602 0.944605 0.700622 0.683284 0.290223 0.624056 0.224742 0.158767 0.0115239 0.99369 0.91526 0.902608 0.571842 0.883038 0.526197 0.499126 0.148566 0.811543 0.398053 0.328438 0.0550112 0.198067 0.015912 0.007368 1.18173e-05 0.527946 0.128363 0.065625 0.0012346 0.027155 0.000146912 7.09735e-05 1.05541e-13 0.0103642 1.48794e-05 6.45015e-06 2.43056e-26 1.68362e-06 9.00766e-26 4.25845e-30 0 

0.984339 0.984255 0.984234 0.984433 0.98425 0.984416 0.98439 0.984417 0.984248 0.984355 0.984411 0.984463 0.984333 0.984484 0.984383 0.969661 0.984275 0.984348 0.984332 0.984299 0.984291 0.984316 0.983979 0.946506 0.984312 0.982929 0.981782 0.884247 0.967389 0.721995 0.539457 0.0554084 0.984311 0.984403 0.984246 0.972949 0.984005 0.958764 0.929608 0.529455 0.979883 0.856724 0.742431 0.194147 0.520416 0.0576829 0.0279531 3.47785e-05 0.879982 0.364911 0.200094 0.00464875 0.0893207 0.000461546 0.000292364 0 0.035429 4.84331e-05 5.72807e-05 0 2.36623e-06 0 0 0 
Nb. Frames: 100001

