2 1 4 0 8 3 16 5 6 9 10 12 32 17 7 18 11 20 13 24 33 14 34 36 19 40 21 48 22 25 15 26 28 35 37 38 44 41 42 49 23 50 52 56 27 29 30 39 45 46 43 51 54 53 57 58 60 31 47 55 59 61 62 63 

55 55 55 55 55 55 55 55 55 55 55 55 55 55 55 55 55 55 55 55 55 55 55 55 55 55 55 55 55 55 55 55 58 58 58 58 58 58 58 58 58 58 58 58 58 58 58 58 6 6 6 6 6 6 6 6 6 6 6 6 6 6 6 6 32 32 32 32 32 32 32 32 33 33 33 33 33 33 33 33 17 17 17 17 17 17 17 17 35 35 35 35 35 35 35 35 10 10 10 10 63 63 63 63 5 5 5 5 38 38 38 38 18 18 18 18 34 34 34 34 54 54 54 54 4 4 4 4 19 19 55 55 10 10 25 25 8 8 14 14 17 17 41 41 32 32 3 3 4 4 22 22 34 34 31 31 37 37 33 33 37 55 60 48 14 52 47 1 8 29 45 4 27 43 49 34 46 34 52 25 53 31 40 63 38 36 7 3 46 43 9 9 

0 2 1 4 8 3 5 6 16 9 10 32 12 7 17 18 11 20 13 24 33 14 34 36 19 40 21 48 22 25 15 26 28 35 38 37 44 41 42 49 23 50 52 56 27 29 30 31 39 43 45 46 47 51 53 54 55 57 58 59 60 61 62 63 

55 55 55 55 55 55 55 55 55 55 55 55 55 55 55 55 55 55 55 55 55 55 55 55 55 55 55 55 55 55 55 55 58 58 58 58 58 58 58 58 58 58 58 58 58 58 58 58 6 6 6 6 6 6 6 6 6 6 6 6 6 6 6 6 32 32 32 32 32 32 32 32 33 33 33 33 33 33 33 33 17 17 17 17 17 17 17 17 35 35 35 35 35 35 35 35 10 10 10 10 63 63 63 63 5 5 5 5 38 38 38 38 18 18 18 18 34 34 34 34 54 54 54 54 4 4 4 4 19 19 55 55 10 10 25 25 8 8 14 14 17 17 41 41 32 32 3 3 4 4 22 22 34 34 31 31 37 37 33 33 37 55 60 48 14 52 47 1 8 29 45 4 27 43 49 34 46 34 52 25 53 31 40 63 38 36 7 3 46 43 9 9 

1.0014 1.00322 1.00432 0.970705 1.00304 0.964692 0.959933 0.776027 0.997205 0.942962 0.924076 0.554973 0.855232 0.293155 0.179772 0.00114354 0.964895 0.784722 0.665965 0.0656002 0.487837 0.0149857 0.00834834 5.71601e-07 0.289313 0.00213268 0.00111546 2.6007e-09 0.000590402 6.16586e-10 3.53492e-10 1.64541e-25 0.855072 0.220478 0.122894 0.000144975 0.0759315 3.49217e-05 3.44835e-05 6.96258e-14 0.0299729 4.10774e-06 4.00956e-06 3.5778e-16 5.99512e-06 1.35949e-15 9.11901e-16 7.23034e-41 0.0117493 7.79971e-07 2.38223e-07 1.01874e-17 1.29518e-07 6.50858e-19 1.24931e-18 2.12154e-47 1.9205e-08 7.90895e-21 6.37381e-21 0 8.10337e-23 0 0 0 

0.984318 0.98424 0.984243 0.983155 0.98424 0.981726 0.978573 0.8558 0.983969 0.968212 0.948106 0.580813 0.878549 0.289431 0.17308 0.000933465 0.973091 0.801558 0.667309 0.0579541 0.478466 0.0119622 0.00641599 2.36504e-07 0.274189 0.00148209 0.000750606 5.2213e-10 0.000388307 1.06095e-10 6.19882e-11 0 0.878662 0.201945 0.110132 8.22136e-05 0.0691187 1.83448e-05 2.59442e-05 0 0.0257461 2.08813e-06 2.02344e-06 0 3.13711e-06 0 0 0 0.00954591 2.89548e-07 7.87559e-08 0 4.34061e-08 0 0 0 5.83611e-09 0 0 0 0 0 0 0 
Nb. Frames: 100001

