4 2 8 1 16 0 32 3 5 6 9 10 12 17 18 20 24 33 34 7 36 11 13 14 19 21 22 25 40 26 28 35 37 15 48 38 23 27 41 29 42 30 44 39 49 50 52 43 31 56 45 46 51 53 54 57 58 60 47 55 59 62 61 63 

5 5 5 5 5 5 5 5 5 5 5 5 5 5 5 5 5 5 5 5 5 5 5 5 5 5 5 5 5 5 5 5 28 28 28 28 28 28 28 28 28 28 28 28 28 28 28 28 45 45 45 45 45 45 45 45 45 45 45 45 45 45 45 45 5 5 5 5 5 5 5 5 31 31 31 31 31 31 31 31 30 30 30 30 30 30 30 30 48 48 48 48 48 48 48 48 63 63 63 63 39 39 39 39 22 22 22 22 21 21 21 21 27 27 27 27 62 62 62 62 27 27 27 27 41 41 41 41 9 9 9 9 17 17 27 27 36 36 15 15 61 61 26 26 35 35 9 9 3 3 60 60 21 21 59 59 50 50 4 4 43 45 37 55 45 26 33 8 32 53 21 23 17 59 56 42 44 48 55 2 5 16 33 48 17 39 8 62 21 7 44 44 

20 5 18 32 6 3 10 11 17 9 12 0 24 7 13 1 16 14 8 2 4 19 33 34 21 22 36 25 26 15 40 35 28 23 37 27 38 48 41 29 42 30 44 39 49 50 52 43 31 56 45 46 51 53 54 57 58 60 47 55 59 61 62 63 

5 5 5 5 5 5 5 5 5 5 5 5 5 5 5 5 5 5 5 5 5 5 5 5 5 5 5 5 5 5 5 5 28 28 28 28 28 28 28 28 28 28 28 28 28 28 28 28 45 45 45 45 45 45 45 45 45 45 45 45 45 45 45 45 5 5 5 5 5 5 5 5 31 31 31 31 31 31 31 31 30 30 30 30 30 30 30 30 48 48 48 48 48 48 48 48 63 63 63 63 39 39 39 39 22 22 22 22 21 21 21 21 27 27 27 27 62 62 62 62 27 27 27 27 41 41 41 41 9 9 9 9 17 17 27 27 36 36 15 15 61 61 26 26 35 35 9 9 3 3 60 60 21 21 59 59 50 50 4 4 43 45 37 55 45 26 33 8 32 53 21 23 17 59 56 42 44 48 55 2 5 16 33 48 17 39 8 62 21 7 44 44 

1.00079 1.00303 1.00455 0.98271 1.0046 0.977896 0.976308 0.863824 1.00395 0.970436 0.968313 0.834526 0.965767 0.816808 0.811278 0.421369 1.00261 0.961632 0.956357 0.775448 0.952612 0.756262 0.74718 0.350281 0.943401 0.701521 0.674335 0.268087 0.563771 0.160682 0.0874528 0.00235662 0.9883 0.894391 0.874793 0.516023 0.838972 0.442929 0.350644 0.0505031 0.68846 0.235468 0.140822 0.00541434 0.0692485 0.000886073 0.000337256 2.50022e-10 0.385173 0.0428115 0.0174328 4.3103e-05 0.00694228 9.0109e-06 3.68503e-06 2.28459e-27 0.00221728 2.04572e-06 3.78064e-09 1.56358e-30 7.86595e-10 1.00915e-34 1.69797e-34 0 

0.984338 0.98427 0.984232 0.984387 0.984232 0.98442 0.984389 0.984318 0.984255 0.984355 0.984367 0.984366 0.984353 0.984297 0.984266 0.955203 0.984267 0.984363 0.984404 0.983814 0.984446 0.983091 0.982338 0.893138 0.984329 0.975664 0.966104 0.714586 0.903888 0.443128 0.259013 0.00868941 0.984395 0.98369 0.983221 0.923135 0.978581 0.83641 0.696009 0.149207 0.928809 0.511531 0.323978 0.0156803 0.174642 0.00263069 0.00101449 8.10609e-11 0.687802 0.106289 0.0453414 9.36713e-05 0.018891 2.24655e-05 1.19027e-05 0 0.00622175 6.81676e-06 1.31483e-09 0 2.52719e-10 0 0 0 
Nb. Frames: 100001

