4 2 8 1 16 0 3 5 6 32 9 10 12 17 18 20 24 7 11 33 13 14 34 19 21 22 36 25 15 26 40 35 28 23 48 37 38 27 41 42 29 44 30 49 50 39 52 56 43 45 31 46 51 53 54 57 58 60 47 55 59 62 61 63 

5 5 5 5 5 5 5 5 5 5 5 5 5 5 5 5 5 5 5 5 5 5 5 5 5 5 5 5 5 5 5 5 53 53 53 53 53 53 53 53 53 53 53 53 53 53 53 53 45 45 45 45 45 45 45 45 45 45 45 45 45 45 45 45 26 26 26 26 26 26 26 26 20 20 20 20 20 20 20 20 28 28 28 28 28 28 28 28 62 62 62 62 62 62 62 62 34 34 34 34 28 28 28 28 29 29 29 29 56 56 56 56 1 1 1 1 62 62 62 62 50 50 50 50 14 14 14 14 26 26 32 32 22 22 60 60 62 62 58 58 40 40 52 52 25 25 10 10 30 30 26 26 19 19 14 14 49 49 18 18 17 18 24 41 55 62 57 21 18 37 48 32 35 53 21 55 2 2 13 3 51 31 2 31 52 24 19 41 23 55 54 29 

6 9 10 12 5 3 0 16 1 8 4 2 17 18 32 7 20 11 13 14 24 19 33 21 34 22 36 15 25 26 40 35 28 23 48 37 38 27 41 42 29 44 30 49 50 39 52 56 43 45 31 46 51 47 53 54 55 57 58 59 60 61 62 63 

5 5 5 5 5 5 5 5 5 5 5 5 5 5 5 5 5 5 5 5 5 5 5 5 5 5 5 5 5 5 5 5 53 53 53 53 53 53 53 53 53 53 53 53 53 53 53 53 45 45 45 45 45 45 45 45 45 45 45 45 45 45 45 45 26 26 26 26 26 26 26 26 20 20 20 20 20 20 20 20 28 28 28 28 28 28 28 28 62 62 62 62 62 62 62 62 34 34 34 34 28 28 28 28 29 29 29 29 56 56 56 56 1 1 1 1 62 62 62 62 50 50 50 50 14 14 14 14 26 26 32 32 22 22 60 60 62 62 58 58 40 40 52 52 25 25 10 10 30 30 26 26 19 19 14 14 49 49 18 18 17 18 24 41 55 62 57 21 18 37 48 32 35 53 21 55 2 2 13 3 51 31 2 31 52 24 19 41 23 55 54 29 

1.0008 1.00304 1.00457 0.98244 1.00458 0.978422 0.976357 0.86565 1.00396 0.970952 0.968527 0.837062 0.965742 0.81899 0.797292 0.365935 1.00102 0.953664 0.948003 0.740152 0.93513 0.682333 0.595928 0.132688 0.872524 0.467752 0.326195 0.0215803 0.1655 0.00321161 0.00137267 6.25842e-09 0.970975 0.82269 0.757832 0.256091 0.591735 0.0970646 0.0462803 0.000164205 0.316133 0.0124875 0.00535292 9.60386e-07 0.002337 6.20499e-08 4.09189e-09 1.55943e-25 0.120208 0.000721754 0.000317675 9.04001e-11 0.0001368 3.31977e-12 2.94902e-13 1.44705e-32 7.74272e-05 1.99278e-13 1.12226e-13 4.62892e-38 6.14033e-15 2.97739e-40 2.96555e-38 0 

0.984341 0.984254 0.98424 0.984365 0.984243 0.984365 0.984399 0.98303 0.984252 0.984394 0.984387 0.981425 0.984383 0.977955 0.968041 0.70447 0.984276 0.984103 0.984014 0.955286 0.982416 0.907177 0.818893 0.251377 0.96335 0.675698 0.490225 0.0391533 0.26931 0.00578858 0.00245461 2.28628e-09 0.983877 0.952995 0.904485 0.398573 0.757539 0.151446 0.0743075 0.000270562 0.449876 0.0198759 0.00886239 7.66904e-07 0.00385187 3.11131e-08 1.34225e-09 0 0.189353 0.00114355 0.000544084 2.26495e-11 0.000201898 0 0 0 0.000132868 0 0 0 0 0 0 0 
Nb. Frames: 100001

