2 4 8 1 0 16 3 5 6 9 10 12 32 17 18 20 7 11 13 24 33 14 19 34 21 36 22 15 25 40 26 48 35 28 23 37 38 41 27 42 44 49 29 52 30 50 56 39 43 46 45 51 53 31 60 54 57 58 47 55 61 59 62 63 

36 36 36 36 36 36 36 36 36 36 36 36 36 36 36 36 36 36 36 36 36 36 36 36 36 36 36 36 36 36 36 36 15 15 15 15 15 15 15 15 15 15 15 15 15 15 15 15 49 49 49 49 49 49 49 49 49 49 49 49 49 49 49 49 6 6 6 6 6 6 6 6 18 18 18 18 18 18 18 18 4 4 4 4 4 4 4 4 37 37 37 37 37 37 37 37 42 42 42 42 25 25 25 25 31 31 31 31 12 12 12 12 48 48 48 48 12 12 12 12 28 28 28 28 23 23 23 23 36 36 44 44 26 26 23 23 17 17 16 16 59 59 12 12 1 1 38 38 29 29 17 17 21 21 43 43 34 34 11 11 61 5 23 22 21 35 23 30 27 43 61 39 60 40 62 33 27 8 38 26 59 22 43 48 15 48 55 16 43 5 1 1 

5 3 6 0 9 16 8 1 10 4 2 12 17 32 18 7 11 20 13 14 24 33 19 34 21 22 36 15 25 40 26 48 35 28 23 37 38 41 27 42 44 49 29 52 30 50 56 39 43 46 31 45 47 51 53 54 55 57 58 59 60 61 62 63 

36 36 36 36 36 36 36 36 36 36 36 36 36 36 36 36 36 36 36 36 36 36 36 36 36 36 36 36 36 36 36 36 15 15 15 15 15 15 15 15 15 15 15 15 15 15 15 15 49 49 49 49 49 49 49 49 49 49 49 49 49 49 49 49 6 6 6 6 6 6 6 6 18 18 18 18 18 18 18 18 4 4 4 4 4 4 4 4 37 37 37 37 37 37 37 37 42 42 42 42 25 25 25 25 31 31 31 31 12 12 12 12 48 48 48 48 12 12 12 12 28 28 28 28 23 23 23 23 36 36 44 44 26 26 23 23 17 17 16 16 59 59 12 12 1 1 38 38 29 29 17 17 21 21 43 43 34 34 11 11 61 5 23 22 21 35 23 30 27 43 61 39 60 40 62 33 27 8 38 26 59 22 43 48 15 48 55 16 43 5 1 1 

1.00089 1.00319 1.00468 0.980362 1.00448 0.975137 0.972398 0.847473 1.00367 0.968768 0.965936 0.825971 0.957668 0.78067 0.704235 0.188252 0.997605 0.940291 0.930255 0.652311 0.888372 0.485303 0.335443 0.0162989 0.742379 0.183088 0.0943403 0.000509506 0.0415061 6.60084e-05 2.89063e-05 1.67052e-14 0.953131 0.723894 0.5897 0.0680421 0.349644 0.01041 0.005522 9.63814e-07 0.14997 0.000854797 0.000462449 1.09143e-10 0.000186901 4.48872e-12 9.32374e-12 2.88632e-32 0.0731448 0.000101924 2.6859e-05 3.50202e-13 4.3794e-05 4.07074e-14 7.31684e-16 1.21959e-39 1.35827e-05 6.46322e-16 3.14894e-16 1.36825e-44 3.21592e-15 2.861e-42 1.03695e-48 0 

0.984339 0.984254 0.984233 0.984386 0.984236 0.984407 0.984354 0.976047 0.984255 0.984319 0.984246 0.968547 0.983432 0.937149 0.868344 0.302817 0.984311 0.981248 0.97772 0.824498 0.955601 0.617166 0.436462 0.0236744 0.848238 0.236858 0.123248 0.00062826 0.0552226 9.18456e-05 3.93083e-05 0 0.978704 0.838479 0.694056 0.0866993 0.425303 0.0126612 0.00683901 7.21314e-07 0.188482 0.00106205 0.000567606 1.66891e-11 0.000205923 0 1.19208e-12 0 0.0969325 0.000106627 2.78092e-05 0 6.14141e-05 0 0 0 2.60526e-05 0 0 0 0 0 0 0 
Nb. Frames: 100001

