127 126 125 124 123 122 121 120 119 118 117 116 115 114 113 112 111 110 109 108 107 106 105 104 103 102 101 99 95 94 93 92 91 90 89 87 86 85 83 79 78 77 75 71 63 62 61 60 59 58 57 55 54 53 51 47 46 45 43 39 31 30 29 27 23 98 88 100 84 97 82 70 81 74 73 56 76 69 50 52 44 67 49 15 41 42 38 37 28 35 25 26 22 21 96 80 72 19 68 48 66 14 40 13 65 36 34 11 24 33 20 18 7 17 12 64 10 32 9 6 16 5 3 8 4 2 1 0 

127 126 125 124 123 122 121 120 119 118 117 116 115 114 113 112 111 110 109 108 107 106 105 104 103 102 101 99 95 94 93 92 91 90 89 87 86 85 83 79 78 77 75 71 63 62 61 60 59 58 57 55 54 53 51 47 46 45 43 39 31 30 29 27 23 98 100 88 84 97 82 70 81 74 73 56 76 69 50 52 44 67 49 15 41 42 38 37 28 35 25 26 22 21 96 80 72 19 68 48 66 14 40 13 65 36 34 11 24 33 20 18 7 17 12 64 10 32 9 6 16 5 3 8 4 2 1 0 

0.000000000000 0.000000000000 0.000000000000 0.000000000000 0.000000000000 0.000000000000 0.000000000000 0.000000000000 0.000000000000 0.000000000000 0.000000000000 0.000000000000 0.000000000000 0.000000000000 0.000000000000 0.000000000000 0.000000000000 0.000000000000 0.000000000000 0.000000000000 0.000000000000 0.000000000000 0.000000000000 0.000000000000 0.000000000000 0.000000000000 0.000000000000 0.000000000000 0.000000000000 0.000000000000 0.000000000000 0.000020216000 0.000000000000 0.000000000000 0.000000000000 0.000000000000 0.000000000000 0.000000000000 0.000000000000 0.000000000000 0.000000000000 0.000000000000 0.000000000000 0.000000000000 0.000000000000 0.000000000000 0.000000000000 0.000041385000 0.000000000000 0.000000000000 0.000000000000 0.000000000000 0.000000000000 0.000000000000 0.000000000000 0.000069106000 0.000000000000 0.000000000000 0.000000000000 0.000145830000 0.000000000002 0.000291410000 0.000884740000 0.102040000000 0.000000000000 0.000000000000 0.000000000000 0.000000000000 0.000000000000 0.000000000000 0.000000000000 0.000000000000 0.000000000000 0.000000000000 0.000000000000 0.000000000000 0.000000000000 0.000000000000 0.000000000071 0.000271120000 0.000000000000 0.000000000000 0.000000000000 0.000000000002 0.000000000000 0.000000000535 0.000000000132 0.000625760000 0.000000000000 0.000000000557 0.000000000935 0.001310400000 0.000000070675 0.003231600000 0.008091800000 0.250560000000 0.000000000000 0.000000000000 0.000000000000 0.000000018664 0.000000000000 0.000000169050 0.000000161960 0.005875100000 0.000000000000 0.000005527400 0.000014642000 0.013130000000 0.000085005000 0.030837000000 0.070228000000 0.544090000000 0.000000000086 0.000423280000 0.000791290000 0.084727000000 0.005013400000 0.177780000000 0.317690000000 0.855900000000 0.051018000000 0.468180000000 0.654560000000 0.977270000000 0.826470000000 0.996300000000 0.998400000000 1.000000000000 

0.000000000000 0.000000000000 0.000000000000 0.000000000000 0.000000000000 0.000000000000 0.000000000000 0.000000000000 0.000000000000 0.000000000000 0.000000000000 0.000000000000 0.000000000000 0.000000000000 0.000000000000 0.000000000000 0.000000000000 0.000000000000 0.000000000000 0.000000000000 0.000000000000 0.000000000000 0.000000000000 0.000000000000 0.000000000000 0.000000000000 0.000000000000 0.000000000000 0.000000000000 0.000000000000 0.000000000000 0.000030781000 0.000000000000 0.000000000000 0.000000000000 0.000000000000 0.000000000000 0.000000000000 0.000000000000 0.000000000000 0.000000000000 0.000000000000 0.000000000000 0.000000000000 0.000000000000 0.000000000000 0.000000000000 0.000105950000 0.000000000000 0.000000000000 0.000000000000 0.000000000000 0.000000000000 0.000000000000 0.000000000000 0.000131140000 0.000000000000 0.000000000000 0.000000000000 0.000251230000 0.000000000001 0.000643540000 0.002275000000 0.214900000000 0.000000000000 0.000000000000 0.000000000000 0.000000000000 0.000000000000 0.000000000000 0.000000000000 0.000000000000 0.000000000000 0.000000000000 0.000000000000 0.000000000000 0.000000000000 0.000000000000 0.000000000023 0.000503330000 0.000000000000 0.000000000000 0.000000000000 0.000000000000 0.000000000000 0.000000000186 0.000000000043 0.001454200000 0.000000000000 0.000000000199 0.000000000334 0.003154400000 0.000000036178 0.007705000000 0.017972000000 0.444330000000 0.000000000000 0.000000000000 0.000000000000 0.000000007826 0.000000000000 0.000000096269 0.000000080364 0.013412000000 0.000000000000 0.000019564000 0.000027420000 0.029236000000 0.000210550000 0.063032000000 0.133270000000 0.748940000000 0.000000000025 0.001084100000 0.001751700000 0.161470000000 0.010559000000 0.302540000000 0.483090000000 0.942800000000 0.095962000000 0.654310000000 0.818260000000 0.987460000000 0.936680000000 0.991710000000 0.992010000000 0.992190000000 

N_obs: 40000

File Format:
1- most to least reliable channels (taken entropies)
2- most to least reliable channels (taken error probabilities)
3- channels entropies (flipped)
4- channels error probabilities (flipped)
5- number of MontCarlo simulations
