127 126 125 124 123 122 121 120 119 118 117 116 115 114 113 111 110 109 108 107 106 105 103 102 101 99 95 94 93 92 91 90 89 87 86 85 83 79 78 77 75 71 63 62 61 60 59 58 57 55 54 53 51 47 46 31 45 43 100 112 104 84 39 88 98 97 82 81 74 30 76 29 27 73 70 56 69 52 49 50 23 67 44 42 41 38 37 96 28 80 15 26 72 35 25 68 22 48 66 21 40 65 36 19 14 34 24 13 33 20 11 64 18 7 17 12 32 10 9 6 16 5 3 8 4 2 1 0 

127 126 125 124 123 122 121 120 119 118 117 116 115 114 113 111 110 109 108 107 106 105 103 102 101 99 95 94 93 92 91 90 89 87 86 85 83 79 78 77 75 71 63 62 61 60 59 58 57 55 54 53 51 47 46 31 45 43 100 112 104 84 39 88 98 97 82 81 74 30 76 29 27 73 70 56 69 52 49 23 50 67 44 42 41 38 37 96 28 80 15 26 72 35 25 68 22 48 66 21 40 65 36 19 14 34 24 13 33 20 11 64 18 7 17 12 32 10 9 6 16 5 3 8 4 2 1 0 

0.000000000000 0.000000000000 0.000000000000 0.000000000000 0.000000000000 0.000000000000 0.000000000000 0.000000000000 0.000000000000 0.000000000000 0.000000000000 0.000000000000 0.000000000000 0.000000000000 0.000000000000 0.000000000000 0.000000000000 0.000000000000 0.000000000000 0.000000000000 0.000000000000 0.000000000000 0.000000000000 0.000000000001 0.000000000000 0.000000000000 0.000000000000 0.000000000000 0.000000000000 0.000000000004 0.000000000007 0.000448440000 0.000000000000 0.000000000000 0.000000000000 0.000000000000 0.000000000000 0.000000000000 0.000000000000 0.000000000002 0.000000000000 0.000000000000 0.000000000000 0.000000000001 0.000000000000 0.000000000011 0.000000000238 0.000895360000 0.000000000000 0.000000000000 0.000000000000 0.000000001492 0.000000000000 0.000000000347 0.000000014310 0.002056500000 0.000000000000 0.000000025304 0.000000164200 0.005055600000 0.000008102500 0.012946000000 0.034098000000 0.442710000000 0.000000000000 0.000000000000 0.000000000000 0.000000000000 0.000000000000 0.000000000000 0.000000000000 0.000000045224 0.000000000000 0.000000000000 0.000000000000 0.000000930010 0.000000000000 0.000002760800 0.000002740600 0.010994000000 0.000000000000 0.000000000000 0.000000000000 0.000018760000 0.000000000000 0.000026186000 0.000041196000 0.025468000000 0.000000000001 0.000150160000 0.000340330000 0.058971000000 0.002424300000 0.134400000000 0.263370000000 0.821420000000 0.000000000000 0.000000000650 0.000000002742 0.000800710000 0.000000005873 0.001735600000 0.003770600000 0.165460000000 0.000003520600 0.009655900000 0.021801000000 0.336190000000 0.082774000000 0.556400000000 0.727000000000 0.986750000000 0.001456900000 0.103860000000 0.199890000000 0.749110000000 0.410690000000 0.905950000000 0.954410000000 0.999800000000 0.674250000000 0.982430000000 0.992490000000 1.000000000000 0.996810000000 1.000000000000 1.000000000000 1.000000000000 

0.000000000000 0.000000000000 0.000000000000 0.000000000000 0.000000000000 0.000000000000 0.000000000000 0.000000000000 0.000000000000 0.000000000000 0.000000000000 0.000000000000 0.000000000000 0.000000000000 0.000000000000 0.000000000000 0.000000000000 0.000000000000 0.000000000000 0.000000000000 0.000000000000 0.000000000000 0.000000000000 0.000000000000 0.000000000000 0.000000000000 0.000000000000 0.000000000000 0.000000000000 0.000000000001 0.000000000002 0.001173500000 0.000000000000 0.000000000000 0.000000000000 0.000000000000 0.000000000000 0.000000000000 0.000000000000 0.000000000000 0.000000000000 0.000000000000 0.000000000000 0.000000000000 0.000000000000 0.000000000003 0.000000000081 0.002073700000 0.000000000000 0.000000000000 0.000000000000 0.000000000585 0.000000000000 0.000000000105 0.000000006967 0.005035500000 0.000000000000 0.000000010836 0.000000093171 0.011515000000 0.000031253000 0.029180000000 0.070101000000 0.676040000000 0.000000000000 0.000000000000 0.000000000000 0.000000000000 0.000000000000 0.000000000000 0.000000000000 0.000000020846 0.000000000000 0.000000000000 0.000000000000 0.000001029600 0.000000000000 0.000024227000 0.000002361400 0.025058000000 0.000000000000 0.000000000000 0.000000000000 0.000053157000 0.000000000000 0.000065236000 0.000080034000 0.056219000000 0.000000000000 0.000354820000 0.000808050000 0.120230000000 0.005161700000 0.240150000000 0.420550000000 0.932340000000 0.000000000000 0.000000000248 0.000000001023 0.001823900000 0.000000002481 0.004049300000 0.008237000000 0.296740000000 0.000004971700 0.020410000000 0.042238000000 0.514980000000 0.148240000000 0.732940000000 0.868840000000 0.989800000000 0.003245600000 0.186890000000 0.325740000000 0.879950000000 0.588600000000 0.961910000000 0.981470000000 0.992160000000 0.841640000000 0.989200000000 0.991160000000 0.992190000000 0.991820000000 0.992190000000 0.992190000000 0.992190000000 

N_obs: 40000

File Format:
1- most to least reliable channels (taken entropies)
2- most to least reliable channels (taken error probabilities)
3- channels entropies (flipped)
4- channels error probabilities (flipped)
5- number of MontCarlo simulations
