127 126 125 124 123 122 121 120 119 118 117 116 115 114 113 111 110 109 108 107 106 105 103 102 101 99 95 94 93 92 91 90 89 87 86 85 83 79 78 77 75 63 62 61 59 55 47 31 58 60 71 54 53 57 51 46 112 104 45 43 100 98 88 84 82 97 76 74 81 39 30 73 70 29 56 69 52 50 27 49 44 67 42 41 23 96 38 80 37 72 28 26 68 15 35 48 25 66 22 40 65 21 36 19 14 34 24 13 33 64 20 11 18 7 17 12 32 10 9 6 5 16 3 8 4 2 1 0 

127 126 125 124 123 122 121 120 119 118 117 116 115 114 113 111 110 109 108 107 106 105 103 102 101 99 95 94 93 92 91 90 89 87 86 85 83 79 78 77 75 63 62 61 59 55 47 31 58 60 71 54 53 57 51 46 112 104 45 43 100 98 88 84 82 97 76 74 81 39 30 70 73 29 56 52 69 50 27 49 44 67 42 23 41 96 38 80 37 28 72 26 68 15 35 25 48 66 22 40 65 21 36 19 14 34 24 13 33 20 64 11 18 7 17 12 32 10 9 6 5 16 3 8 2 1 0 4 

0.000000000000 0.000000000000 0.000000000000 0.000000000000 0.000000000000 0.000000000000 0.000000000000 0.000000000000 0.000000000000 0.000000000000 0.000000000000 0.000000000000 0.000000000000 0.000000000000 0.000000000000 0.000000000002 0.000000000000 0.000000000000 0.000000000000 0.000000000000 0.000000000000 0.000000000000 0.000000000000 0.000000000011 0.000000000000 0.000000000000 0.000000000000 0.000000000462 0.000000000000 0.000000000575 0.000000039870 0.001879500000 0.000000000000 0.000000000000 0.000000000000 0.000000000000 0.000000000000 0.000000000000 0.000000000000 0.000000001128 0.000000000000 0.000000000000 0.000000000000 0.000000008144 0.000000000000 0.000000013555 0.000000765540 0.004043900000 0.000000000000 0.000000000000 0.000000000000 0.000000299410 0.000000000000 0.000000700050 0.000012883000 0.009372100000 0.000000000000 0.000017426000 0.000036739000 0.024477000000 0.000363900000 0.063461000000 0.144780000000 0.705900000000 0.000000000000 0.000000000000 0.000000000000 0.000000000000 0.000000000000 0.000000000000 0.000000000000 0.000030631000 0.000000000000 0.000000000000 0.000000000000 0.000037694000 0.000000000000 0.000069573000 0.000169960000 0.045998000000 0.000000000000 0.000000000000 0.000000000042 0.000234110000 0.000000000194 0.000511840000 0.001243200000 0.104870000000 0.000000834380 0.004013600000 0.008923000000 0.232290000000 0.041283000000 0.432640000000 0.622470000000 0.972290000000 0.000000000000 0.000005909400 0.000022770000 0.010674000000 0.000072525000 0.023452000000 0.050927000000 0.472100000000 0.001364000000 0.100370000000 0.189470000000 0.737450000000 0.393710000000 0.895880000000 0.949910000000 0.999750000000 0.035260000000 0.407190000000 0.593170000000 0.964620000000 0.781860000000 0.992880000000 0.996900000000 1.000000000000 0.902330000000 0.999120000000 0.999620000000 1.000000000000 0.999830000000 1.000000000000 1.000000000000 1.000000000000 

0.000000000000 0.000000000000 0.000000000000 0.000000000000 0.000000000000 0.000000000000 0.000000000000 0.000000000000 0.000000000000 0.000000000000 0.000000000000 0.000000000000 0.000000000000 0.000000000000 0.000000000000 0.000000000000 0.000000000000 0.000000000000 0.000000000000 0.000000000000 0.000000000000 0.000000000000 0.000000000000 0.000000000003 0.000000000000 0.000000000000 0.000000000000 0.000000000161 0.000000000000 0.000000000197 0.000000021887 0.004641900000 0.000000000000 0.000000000000 0.000000000000 0.000000000000 0.000000000000 0.000000000000 0.000000000000 0.000000000414 0.000000000000 0.000000000000 0.000000000000 0.000000003745 0.000000000000 0.000000005632 0.000000708240 0.009884600000 0.000000000000 0.000000000000 0.000000000000 0.000000214760 0.000000000000 0.000000452790 0.000034774000 0.022443000000 0.000000000000 0.000025439000 0.000104550000 0.053939000000 0.000805370000 0.127620000000 0.259530000000 0.878300000000 0.000000000000 0.000000000000 0.000000000000 0.000000000000 0.000000000000 0.000000000000 0.000000000000 0.000061143000 0.000000000000 0.000000000000 0.000000000000 0.000064563000 0.000000000000 0.000204510000 0.000331740000 0.098723000000 0.000000000000 0.000000000000 0.000000000013 0.000586130000 0.000000000066 0.001342300000 0.002796700000 0.203150000000 0.000000919050 0.008796400000 0.018747000000 0.391210000000 0.078620000000 0.619760000000 0.797510000000 0.986780000000 0.000000000000 0.000008426600 0.000049951000 0.022422000000 0.000205770000 0.047143000000 0.096673000000 0.668100000000 0.002738900000 0.180210000000 0.308210000000 0.872550000000 0.566940000000 0.957980000000 0.980040000000 0.992160000000 0.067915000000 0.587480000000 0.764360000000 0.983720000000 0.907560000000 0.991030000000 0.991750000000 0.992190000000 0.969060000000 0.992100000000 0.992150000000 0.992190000000 0.992170000000 0.992190000000 0.992190000000 0.992190000000 

N_obs: 40000

File Format:
1- most to least reliable channels (taken entropies)
2- most to least reliable channels (taken error probabilities)
3- channels entropies (flipped)
4- channels error probabilities (flipped)
5- number of MontCarlo simulations
