127 126 125 124 123 122 121 120 119 118 117 116 115 114 113 112 111 110 109 108 107 106 105 104 103 102 101 100 99 98 95 94 93 92 91 90 89 88 87 86 85 84 83 82 81 79 78 77 76 75 71 63 62 61 60 59 58 57 55 54 53 51 47 46 45 43 39 31 30 29 27 23 15 74 70 97 52 73 69 56 50 44 49 67 41 42 38 37 28 35 26 21 25 19 22 13 80 72 96 14 66 48 68 40 11 65 36 34 24 33 20 7 18 17 12 10 64 9 32 6 16 5 3 8 4 2 1 0 

127 126 125 124 123 122 121 120 119 118 117 116 115 114 113 112 111 110 109 108 107 106 105 104 103 102 101 100 99 98 95 94 93 92 91 90 89 88 87 86 85 84 83 82 81 79 78 77 76 75 71 63 62 61 60 59 58 57 55 54 53 51 47 46 45 43 39 31 30 29 27 23 15 74 70 97 52 73 69 56 50 44 49 67 41 42 38 37 28 35 26 21 25 19 22 72 80 96 14 13 66 48 68 40 11 65 36 34 33 24 20 7 18 17 12 10 64 9 32 6 5 16 3 8 4 2 1 0 

0.000000000000 0.000000000000 0.000000000000 0.000000000000 0.000000000000 0.000000000000 0.000000000000 0.000000000000 0.000000000000 0.000000000000 0.000000000000 0.000000000000 0.000000000000 0.000000000000 0.000000000000 0.000000000000 0.000000000000 0.000000000000 0.000000000000 0.000000000000 0.000000000000 0.000000000000 0.000000000000 0.000000000000 0.000000000000 0.000000000000 0.000000000000 0.000000000000 0.000000000000 0.000000000000 0.000000000000 0.000009515000 0.000000000000 0.000000000000 0.000000000000 0.000000000000 0.000000000000 0.000000000000 0.000000000000 0.000000000000 0.000000000000 0.000000000000 0.000000000000 0.000000000000 0.000000000000 0.000000000000 0.000000000000 0.000004848300 0.000000000000 0.000000000000 0.000000000000 0.000000000000 0.000000000000 0.000000000000 0.000000000000 0.000005137100 0.000000000000 0.000000000000 0.000000000000 0.000039530000 0.000000000000 0.000027474000 0.000093899000 0.039840000000 0.000000000000 0.000000000000 0.000000000000 0.000000000000 0.000000000000 0.000000000000 0.000000000000 0.000000000000 0.000000000000 0.000000000000 0.000000000000 0.000000000000 0.000000000000 0.000000000000 0.000000000000 0.000031147000 0.000000000000 0.000000000000 0.000000000000 0.000000000000 0.000000000000 0.000000000000 0.000000000000 0.000053749000 0.000000000000 0.000000000000 0.000000000000 0.000152540000 0.000000000002 0.000338460000 0.000744800000 0.095985000000 0.000000000000 0.000000000000 0.000000000000 0.000000000001 0.000000000000 0.000000000009 0.000000003410 0.000655550000 0.000000000000 0.000000071857 0.000000000165 0.001310700000 0.000000069335 0.003113300000 0.007326100000 0.236460000000 0.000000000000 0.000011127000 0.000004791700 0.011348000000 0.000066200000 0.026277000000 0.058134000000 0.503780000000 0.002008200000 0.125490000000 0.240800000000 0.794130000000 0.480290000000 0.936790000000 0.973050000000 0.999950000000 

0.000000000000 0.000000000000 0.000000000000 0.000000000000 0.000000000000 0.000000000000 0.000000000000 0.000000000000 0.000000000000 0.000000000000 0.000000000000 0.000000000000 0.000000000000 0.000000000000 0.000000000000 0.000000000000 0.000000000000 0.000000000000 0.000000000000 0.000000000000 0.000000000000 0.000000000000 0.000000000000 0.000000000000 0.000000000000 0.000000000000 0.000000000000 0.000000000000 0.000000000000 0.000000000000 0.000000000000 0.000025045000 0.000000000000 0.000000000000 0.000000000000 0.000000000000 0.000000000000 0.000000000000 0.000000000000 0.000000000000 0.000000000000 0.000000000000 0.000000000000 0.000000000000 0.000000000000 0.000000000000 0.000000000000 0.000009766600 0.000000000000 0.000000000000 0.000000000000 0.000000000000 0.000000000000 0.000000000000 0.000000000000 0.000006789300 0.000000000000 0.000000000000 0.000000000000 0.000110560000 0.000000000000 0.000029800000 0.000200530000 0.091200000000 0.000000000000 0.000000000000 0.000000000000 0.000000000000 0.000000000000 0.000000000000 0.000000000000 0.000000000000 0.000000000000 0.000000000000 0.000000000000 0.000000000000 0.000000000000 0.000000000000 0.000000000000 0.000046816000 0.000000000000 0.000000000000 0.000000000000 0.000000000000 0.000000000000 0.000000000000 0.000000000000 0.000125410000 0.000000000000 0.000000000000 0.000000000000 0.000367630000 0.000000000000 0.000777200000 0.001610500000 0.199580000000 0.000000000000 0.000000000000 0.000000000000 0.000000000000 0.000000000000 0.000000000002 0.000000001439 0.001711300000 0.000000000000 0.000000047921 0.000000000048 0.003226700000 0.000000035224 0.006958400000 0.016208000000 0.416840000000 0.000000000000 0.000025529000 0.000025951000 0.024874000000 0.000169100000 0.053305000000 0.110550000000 0.706960000000 0.004030500000 0.225400000000 0.383860000000 0.911100000000 0.670160000000 0.975980000000 0.987610000000 0.992180000000 

N_obs: 40000

File Format:
1- most to least reliable channels (taken entropies)
2- most to least reliable channels (taken error probabilities)
3- channels entropies (flipped)
4- channels error probabilities (flipped)
5- number of MontCarlo simulations
