127 126 125 124 123 122 121 120 119 118 117 116 115 114 113 112 111 110 109 108 107 106 105 104 103 102 101 100 99 98 97 95 94 93 92 91 90 89 88 87 86 85 84 83 82 81 79 78 77 76 75 74 73 71 70 69 67 63 62 61 60 59 58 57 56 55 54 53 52 51 50 49 47 46 45 44 43 39 31 30 29 27 23 15 41 37 42 38 28 35 26 21 22 19 25 13 14 96 11 72 80 68 66 48 65 40 36 7 34 33 24 20 18 17 12 10 9 64 6 32 5 16 3 8 4 2 1 0 

127 126 125 124 123 122 121 120 119 118 117 116 115 114 113 112 111 110 109 108 107 106 105 104 103 102 101 100 99 98 97 95 94 93 92 91 90 89 88 87 86 85 84 83 82 81 79 78 77 76 75 74 73 71 70 69 67 63 62 61 60 59 58 57 56 55 54 53 52 51 50 49 47 46 45 44 43 39 31 30 29 27 23 15 41 37 42 38 28 35 26 21 22 19 25 13 14 96 11 72 80 68 66 65 40 48 36 34 7 33 24 20 18 17 12 10 9 64 6 5 32 16 3 8 4 2 1 0 

0.000000000000 0.000000000000 0.000000000000 0.000000000000 0.000000000000 0.000000000000 0.000000000000 0.000000000000 0.000000000000 0.000000000000 0.000000000000 0.000000000000 0.000000000000 0.000000000000 0.000000000000 0.000000000000 0.000000000000 0.000000000000 0.000000000000 0.000000000000 0.000000000000 0.000000000000 0.000000000000 0.000000000000 0.000000000000 0.000000000000 0.000000000000 0.000000000000 0.000000000000 0.000000000000 0.000000000000 0.000000011503 0.000000000000 0.000000000000 0.000000000000 0.000000000000 0.000000000000 0.000000000000 0.000000000000 0.000000000000 0.000000000000 0.000000000000 0.000000000000 0.000000000000 0.000000000000 0.000000000000 0.000000000000 0.000000679760 0.000000000000 0.000000000000 0.000000000000 0.000000000000 0.000000000000 0.000000000000 0.000000000000 0.000000191170 0.000000000000 0.000000000000 0.000000000000 0.000000959460 0.000000000000 0.000001564400 0.000003823400 0.013358000000 0.000000000000 0.000000000000 0.000000000000 0.000000000000 0.000000000000 0.000000000000 0.000000000000 0.000000000000 0.000000000000 0.000000000000 0.000000000000 0.000000000000 0.000000000000 0.000000000000 0.000000000000 0.000003723600 0.000000000000 0.000000000000 0.000000000000 0.000000000000 0.000000000000 0.000000000000 0.000000000000 0.000003961900 0.000000000000 0.000000000000 0.000000000000 0.000014587000 0.000000000000 0.000022441000 0.000043674000 0.031521000000 0.000000000000 0.000000000000 0.000000000000 0.000000000000 0.000000000000 0.000000000000 0.000000000004 0.000058812000 0.000000000000 0.000000000000 0.000000000000 0.000116700000 0.000000000000 0.000217350000 0.000489480000 0.077249000000 0.000000000000 0.000000006174 0.000000000143 0.000900900000 0.000000022494 0.001921100000 0.004637700000 0.189150000000 0.000016435000 0.015499000000 0.034388000000 0.410490000000 0.134360000000 0.670160000000 0.825400000000 0.996180000000 

0.000000000000 0.000000000000 0.000000000000 0.000000000000 0.000000000000 0.000000000000 0.000000000000 0.000000000000 0.000000000000 0.000000000000 0.000000000000 0.000000000000 0.000000000000 0.000000000000 0.000000000000 0.000000000000 0.000000000000 0.000000000000 0.000000000000 0.000000000000 0.000000000000 0.000000000000 0.000000000000 0.000000000000 0.000000000000 0.000000000000 0.000000000000 0.000000000000 0.000000000000 0.000000000000 0.000000000000 0.000000004877 0.000000000000 0.000000000000 0.000000000000 0.000000000000 0.000000000000 0.000000000000 0.000000000000 0.000000000000 0.000000000000 0.000000000000 0.000000000000 0.000000000000 0.000000000000 0.000000000000 0.000000000000 0.000000583370 0.000000000000 0.000000000000 0.000000000000 0.000000000000 0.000000000000 0.000000000000 0.000000000000 0.000000123500 0.000000000000 0.000000000000 0.000000000000 0.000000842220 0.000000000000 0.000001591400 0.000004422200 0.031647000000 0.000000000000 0.000000000000 0.000000000000 0.000000000000 0.000000000000 0.000000000000 0.000000000000 0.000000000000 0.000000000000 0.000000000000 0.000000000000 0.000000000000 0.000000000000 0.000000000000 0.000000000000 0.000007340200 0.000000000000 0.000000000000 0.000000000000 0.000000000000 0.000000000000 0.000000000000 0.000000000000 0.000006509800 0.000000000000 0.000000000000 0.000000000000 0.000041597000 0.000000000000 0.000046777000 0.000090651000 0.072651000000 0.000000000000 0.000000000000 0.000000000000 0.000000000000 0.000000000000 0.000000000000 0.000000000001 0.000165520000 0.000000000000 0.000000000000 0.000000000000 0.000286310000 0.000000000000 0.000484840000 0.001173700000 0.161540000000 0.000000000000 0.000000002954 0.000000000044 0.002037700000 0.000000011827 0.004226600000 0.010232000000 0.342080000000 0.000058669000 0.032122000000 0.067763000000 0.608810000000 0.234420000000 0.832140000000 0.935020000000 0.991690000000 

N_obs: 40000

File Format:
1- most to least reliable channels (taken entropies)
2- most to least reliable channels (taken error probabilities)
3- channels entropies (flipped)
4- channels error probabilities (flipped)
5- number of MontCarlo simulations
