127 126 125 124 123 122 121 120 119 118 117 116 115 114 113 111 110 109 108 107 106 105 103 102 101 99 95 94 93 92 91 90 89 87 86 85 79 63 62 61 59 55 47 83 77 78 60 75 58 31 57 54 53 71 51 112 104 46 98 88 100 45 97 84 43 81 82 76 74 73 39 30 56 70 52 29 69 50 49 44 27 96 67 42 80 41 23 72 38 28 37 68 48 26 66 15 35 25 40 65 22 36 21 19 14 34 24 13 33 64 11 20 7 18 17 12 32 10 9 6 5 3 16 8 4 1 2 0 

127 126 125 124 123 122 121 120 119 118 117 116 115 114 113 111 110 109 108 107 106 105 103 102 101 99 95 94 93 92 91 90 89 87 86 85 79 63 62 61 59 55 47 83 77 78 60 75 58 31 57 54 53 71 51 112 104 46 98 88 100 45 97 84 43 81 82 76 74 73 39 56 30 70 52 29 69 50 49 27 44 96 67 42 80 41 23 72 38 28 37 68 26 48 15 66 35 25 40 22 65 21 36 19 14 34 24 13 33 64 20 11 7 18 17 12 32 10 9 6 3 5 16 4 1 2 0 8 

0.000000000000 0.000000000000 0.000000000000 0.000000000000 0.000000000000 0.000000000000 0.000000000000 0.000000000000 0.000000000000 0.000000000000 0.000000000000 0.000000000000 0.000000000000 0.000000000000 0.000000000000 0.000000000383 0.000000000000 0.000000000000 0.000000000000 0.000000000000 0.000000000000 0.000000000000 0.000000000000 0.000000006680 0.000000000000 0.000000000000 0.000000000000 0.000000217030 0.000000000000 0.000000058884 0.000000707130 0.006293100000 0.000000000000 0.000000000000 0.000000000000 0.000000000000 0.000000000000 0.000000000000 0.000000000000 0.000000069153 0.000000000000 0.000000000000 0.000000000000 0.000001555400 0.000000000000 0.000005187900 0.000003704000 0.014749000000 0.000000000000 0.000000000000 0.000000000000 0.000019817000 0.000000000000 0.000054568000 0.000084639000 0.037209000000 0.000000000229 0.000422690000 0.000909980000 0.093714000000 0.007127500000 0.215790000000 0.391970000000 0.905920000000 0.000000000000 0.000000000000 0.000000000000 0.000000000000 0.000000000000 0.000000000000 0.000000000000 0.000257930000 0.000000000000 0.000000000000 0.000000000013 0.000465240000 0.000000000305 0.001134300000 0.002532800000 0.149610000000 0.000000000000 0.000000022167 0.000000385680 0.003714000000 0.000002292100 0.008023700000 0.019161000000 0.324760000000 0.000198710000 0.043747000000 0.091915000000 0.582430000000 0.245920000000 0.798420000000 0.896710000000 0.998720000000 0.000000000000 0.000256830000 0.000602920000 0.072908000000 0.003752800000 0.153700000000 0.279680000000 0.824730000000 0.036548000000 0.406550000000 0.585270000000 0.961530000000 0.770490000000 0.991700000000 0.996270000000 1.000000000000 0.221730000000 0.781280000000 0.890040000000 0.998470000000 0.951830000000 0.999820000000 0.999910000000 1.000000000000 0.979620000000 0.999980000000 0.999990000000 1.000000000000 0.999990000000 1.000000000000 1.000000000000 1.000000000000 

0.000000000000 0.000000000000 0.000000000000 0.000000000000 0.000000000000 0.000000000000 0.000000000000 0.000000000000 0.000000000000 0.000000000000 0.000000000000 0.000000000000 0.000000000000 0.000000000000 0.000000000000 0.000000000122 0.000000000000 0.000000000000 0.000000000000 0.000000000000 0.000000000000 0.000000000000 0.000000000000 0.000000002753 0.000000000000 0.000000000000 0.000000000000 0.000000162200 0.000000000000 0.000000026899 0.000000625750 0.014797000000 0.000000000000 0.000000000000 0.000000000000 0.000000000000 0.000000000000 0.000000000000 0.000000000000 0.000000034530 0.000000000000 0.000000000000 0.000000000000 0.000001376900 0.000000000000 0.000011739000 0.000002828500 0.034101000000 0.000000000000 0.000000000000 0.000000000000 0.000071443000 0.000000000000 0.000206320000 0.000206990000 0.080287000000 0.000000000081 0.000981760000 0.002057900000 0.183950000000 0.015193000000 0.367840000000 0.584300000000 0.969010000000 0.000000000000 0.000000000000 0.000000000000 0.000000000000 0.000000000000 0.000000000000 0.000000000000 0.000533930000 0.000000000000 0.000000000000 0.000000000003 0.001119700000 0.000000000091 0.002622300000 0.005726900000 0.283520000000 0.000000000000 0.000000011361 0.000000317960 0.007819500000 0.000001756200 0.017746000000 0.038815000000 0.516620000000 0.000452520000 0.084627000000 0.165470000000 0.762340000000 0.386850000000 0.910130000000 0.962400000000 0.992040000000 0.000000000000 0.000560510000 0.001445800000 0.139320000000 0.007787200000 0.265230000000 0.430540000000 0.925610000000 0.068999000000 0.581870000000 0.755650000000 0.982230000000 0.897920000000 0.990790000000 0.991680000000 0.992190000000 0.360120000000 0.901230000000 0.959260000000 0.991960000000 0.982730000000 0.992170000000 0.992180000000 0.992190000000 0.989380000000 0.992190000000 0.992190000000 0.992190000000 0.992190000000 0.992190000000 0.992190000000 0.992190000000 

N_obs: 40000

File Format:
1- most to least reliable channels (taken entropies)
2- most to least reliable channels (taken error probabilities)
3- channels entropies (flipped)
4- channels error probabilities (flipped)
5- number of MontCarlo simulations
