127 126 125 124 123 122 121 120 119 118 117 116 115 114 113 111 110 109 108 107 106 105 103 102 101 99 95 94 93 92 91 90 89 87 86 85 83 79 78 77 75 71 63 62 61 60 59 58 57 55 54 53 51 47 46 45 43 31 39 29 112 30 104 27 100 98 88 82 97 84 76 73 81 23 74 56 70 52 50 49 67 69 44 42 41 38 37 15 28 35 26 96 25 80 22 72 21 68 48 66 40 19 65 36 14 13 34 24 33 20 11 18 64 7 17 12 32 10 9 6 16 5 3 8 4 2 1 0 

127 126 125 124 123 122 121 120 119 118 117 116 115 114 113 111 110 109 108 107 106 105 103 102 101 99 95 94 93 92 91 90 89 87 86 85 83 79 78 77 75 71 63 62 61 60 59 58 57 55 54 53 51 47 46 45 43 31 39 29 112 30 104 27 98 100 88 82 97 84 76 73 81 23 74 56 70 52 50 49 67 69 44 42 38 41 37 15 28 35 26 25 96 80 72 22 68 21 48 66 40 19 65 14 36 13 34 24 33 11 20 18 64 7 17 12 32 10 9 6 16 5 3 8 4 2 1 0 

0.000000000000 0.000000000000 0.000000000000 0.000000000000 0.000000000000 0.000000000000 0.000000000000 0.000000000000 0.000000000000 0.000000000000 0.000000000000 0.000000000000 0.000000000000 0.000000000000 0.000000000000 0.000000000000 0.000000000000 0.000000000000 0.000000000000 0.000000000000 0.000000000000 0.000000000000 0.000000000000 0.000000000000 0.000000000000 0.000000000000 0.000000000000 0.000000000000 0.000000000000 0.000000000000 0.000000000000 0.000110160000 0.000000000000 0.000000000000 0.000000000000 0.000000000000 0.000000000000 0.000000000000 0.000000000000 0.000000000000 0.000000000000 0.000000000000 0.000000000000 0.000000000000 0.000000000000 0.000000000000 0.000000000003 0.000201480000 0.000000000000 0.000000000000 0.000000000000 0.000000000001 0.000000000000 0.000000000031 0.000000000002 0.000421980000 0.000000000000 0.000000000450 0.000000154710 0.000928420000 0.000000042923 0.002357100000 0.005861100000 0.229920000000 0.000000000000 0.000000000000 0.000000000000 0.000000000000 0.000000000000 0.000000000000 0.000000000000 0.000000000136 0.000000000000 0.000000000000 0.000000000000 0.000000000526 0.000000000000 0.000000002802 0.000000036297 0.002084300000 0.000000000000 0.000000000000 0.000000000000 0.000000170010 0.000000000000 0.000000567550 0.000003734500 0.004480800000 0.000000000000 0.000003950000 0.000005722700 0.010420000000 0.000042221000 0.025734000000 0.060326000000 0.524950000000 0.000000000000 0.000000000000 0.000000000000 0.000025568000 0.000000000000 0.000046544000 0.000121490000 0.038141000000 0.000000000021 0.000416230000 0.000852270000 0.085788000000 0.005148600000 0.182680000000 0.327210000000 0.863060000000 0.000023825000 0.010760000000 0.023344000000 0.343250000000 0.086907000000 0.566330000000 0.735020000000 0.987410000000 0.299080000000 0.844490000000 0.926360000000 0.999410000000 0.968560000000 0.999930000000 0.999970000000 1.000000000000 

0.000000000000 0.000000000000 0.000000000000 0.000000000000 0.000000000000 0.000000000000 0.000000000000 0.000000000000 0.000000000000 0.000000000000 0.000000000000 0.000000000000 0.000000000000 0.000000000000 0.000000000000 0.000000000000 0.000000000000 0.000000000000 0.000000000000 0.000000000000 0.000000000000 0.000000000000 0.000000000000 0.000000000000 0.000000000000 0.000000000000 0.000000000000 0.000000000000 0.000000000000 0.000000000000 0.000000000000 0.000269290000 0.000000000000 0.000000000000 0.000000000000 0.000000000000 0.000000000000 0.000000000000 0.000000000000 0.000000000000 0.000000000000 0.000000000000 0.000000000000 0.000000000000 0.000000000000 0.000000000000 0.000000000001 0.000587870000 0.000000000000 0.000000000000 0.000000000000 0.000000000000 0.000000000000 0.000000000009 0.000000000000 0.000956590000 0.000000000000 0.000000000159 0.000000118110 0.002089800000 0.000000022549 0.005590200000 0.013640000000 0.425700000000 0.000000000000 0.000000000000 0.000000000000 0.000000000000 0.000000000000 0.000000000000 0.000000000000 0.000000000041 0.000000000000 0.000000000000 0.000000000000 0.000000000181 0.000000000000 0.000000001068 0.000000019109 0.004695700000 0.000000000000 0.000000000000 0.000000000000 0.000000125880 0.000000000000 0.000000543820 0.000007298000 0.010390000000 0.000000000000 0.000005948200 0.000012414000 0.023103000000 0.000078863000 0.054034000000 0.115470000000 0.740060000000 0.000000000000 0.000000000000 0.000000000000 0.000051687000 0.000000000000 0.000128520000 0.000246670000 0.079664000000 0.000000000006 0.000973510000 0.002184600000 0.164850000000 0.010694000000 0.311390000000 0.498320000000 0.948280000000 0.000045486000 0.022551000000 0.046600000000 0.525280000000 0.154860000000 0.740690000000 0.873770000000 0.989820000000 0.460980000000 0.935070000000 0.973480000000 0.992100000000 0.987000000000 0.992180000000 0.992190000000 0.992190000000 

N_obs: 40000

File Format:
1- most to least reliable channels (taken entropies)
2- most to least reliable channels (taken error probabilities)
3- channels entropies (flipped)
4- channels error probabilities (flipped)
5- number of MontCarlo simulations
