63 62 61 60 59 58 57 55 54 53 51 47 46 45 43 31 39 30 29 27 56 52 23 49 44 50 42 41 38 37 15 28 35 26 25 22 48 21 40 36 19 14 34 24 13 33 20 11 18 7 17 12 32 10 9 6 16 5 3 8 4 2 1 0 

63 62 61 60 59 58 57 55 54 53 51 47 46 45 43 31 39 30 29 27 56 52 23 49 44 50 42 41 38 37 28 15 35 26 25 22 48 21 40 36 19 14 34 13 24 33 20 11 18 7 17 12 32 10 9 6 16 5 3 8 4 1 2 0 

0.000000000000 0.000000000000 0.000000000000 0.000000000000 0.000000000000 0.000000000000 0.000000000000 0.000000000191 0.000000000000 0.000000000000 0.000000000000 0.000000003340 0.000000000000 0.000000108520 0.000000029442 0.003147400000 0.000000000000 0.000000000000 0.000000000000 0.000000034577 0.000000000000 0.000000777680 0.000002593900 0.007378500000 0.000000000000 0.000009908500 0.000027284000 0.018651000000 0.000211350000 0.047323000000 0.111450000000 0.649330000000 0.000000000000 0.000000000000 0.000000000000 0.000128970000 0.000000000000 0.000232620000 0.000567170000 0.076090000000 0.000000011083 0.001857500000 0.004014100000 0.171840000000 0.021991000000 0.337410000000 0.522630000000 0.947770000000 0.000128410000 0.036780000000 0.078712000000 0.552580000000 0.221620000000 0.773380000000 0.881330000000 0.998140000000 0.501860000000 0.944120000000 0.975830000000 0.999950000000 0.989800000000 1.000000000000 1.000000000000 1.000000000000 

0.000000000000 0.000000000000 0.000000000000 0.000000000000 0.000000000000 0.000000000000 0.000000000000 0.000000000061 0.000000000000 0.000000000000 0.000000000000 0.000000001376 0.000000000000 0.000000081097 0.000000013449 0.007415300000 0.000000000000 0.000000000000 0.000000000000 0.000000017265 0.000000000000 0.000000688460 0.000005869600 0.017194000000 0.000000000000 0.000035722000 0.000103160000 0.040921000000 0.000490880000 0.096753000000 0.205280000000 0.839730000000 0.000000000000 0.000000000000 0.000000000000 0.000266970000 0.000000000000 0.000559860000 0.001311400000 0.153790000000 0.000000005681 0.003923700000 0.008929100000 0.304970000000 0.043301000000 0.515180000000 0.706680000000 0.979700000000 0.000280250000 0.072397000000 0.142940000000 0.735550000000 0.354530000000 0.894560000000 0.954630000000 0.991940000000 0.691850000000 0.978170000000 0.987990000000 0.992180000000 0.990870000000 0.992190000000 0.992190000000 0.992190000000 

N_obs: 80000

File Format:
1- most to least reliable channels (taken entropies)
2- most to least reliable channels (taken error probabilities)
3- channels entropies (flipped)
4- channels error probabilities (flipped)
5- number of MontCarlo simulations
