63 62 61 60 59 58 57 55 54 53 51 47 46 45 43 39 31 29 30 27 23 56 52 50 49 44 42 41 38 37 15 35 28 26 25 22 21 48 19 40 36 14 13 34 24 33 11 20 18 7 17 12 32 10 9 6 16 5 3 8 4 2 1 0 

63 62 61 60 59 58 57 55 54 53 51 47 46 45 43 39 31 29 30 27 23 56 52 50 49 44 42 41 38 37 15 35 28 26 25 22 21 48 19 40 36 14 13 34 24 33 11 20 18 7 17 12 10 32 9 6 16 5 3 8 4 2 1 0 

0.000000000000 0.000000000000 0.000000000000 0.000000000000 0.000000000000 0.000000000000 0.000000000000 0.000000000001 0.000000000000 0.000000000000 0.000000000000 0.000000000006 0.000000000000 0.000000000231 0.000000000288 0.000939810000 0.000000000000 0.000000000000 0.000000000000 0.000000000564 0.000000000000 0.000000004072 0.000000006778 0.002022200000 0.000000000000 0.000000149700 0.000000350020 0.004689500000 0.000008713000 0.012259000000 0.031919000000 0.425330000000 0.000000000000 0.000000000000 0.000000000000 0.000015316000 0.000000000000 0.000018847000 0.000034787000 0.023078000000 0.000000000000 0.000117060000 0.000255920000 0.053042000000 0.002007200000 0.120440000000 0.237160000000 0.797210000000 0.000002954700 0.005343000000 0.011750000000 0.261280000000 0.050865000000 0.463560000000 0.644940000000 0.974890000000 0.221190000000 0.778590000000 0.887330000000 0.998450000000 0.950750000000 0.999810000000 0.999910000000 1.000000000000 

0.000000000000 0.000000000000 0.000000000000 0.000000000000 0.000000000000 0.000000000000 0.000000000000 0.000000000000 0.000000000000 0.000000000000 0.000000000000 0.000000000001 0.000000000000 0.000000000080 0.000000000098 0.002322800000 0.000000000000 0.000000000000 0.000000000000 0.000000000207 0.000000000000 0.000000001873 0.000000002816 0.004950100000 0.000000000000 0.000000107380 0.000000226400 0.011280000000 0.000012719000 0.027352000000 0.065822000000 0.656000000000 0.000000000000 0.000000000000 0.000000000000 0.000030572000 0.000000000000 0.000032281000 0.000102260000 0.050607000000 0.000000000000 0.000293070000 0.000671170000 0.107240000000 0.004410400000 0.220410000000 0.384180000000 0.918530000000 0.000004213300 0.011305000000 0.023884000000 0.424920000000 0.094499000000 0.645730000000 0.808630000000 0.986720000000 0.358530000000 0.900160000000 0.958490000000 0.991970000000 0.982640000000 0.992170000000 0.992180000000 0.992190000000 

N_obs: 80000

File Format:
1- most to least reliable channels (taken entropies)
2- most to least reliable channels (taken error probabilities)
3- channels entropies (flipped)
4- channels error probabilities (flipped)
5- number of MontCarlo simulations
