63 62 61 60 59 58 57 56 55 54 53 52 51 50 49 47 46 45 44 43 42 41 39 38 37 35 31 30 29 28 27 26 25 23 22 15 21 19 14 13 11 7 48 36 40 34 33 24 20 18 17 12 10 9 6 5 32 3 16 8 4 2 1 0 

63 62 61 60 59 58 57 56 55 54 53 52 51 50 49 47 46 45 44 43 42 41 39 38 37 35 31 30 29 28 27 26 25 23 22 15 21 19 14 13 11 7 48 36 40 34 33 20 24 18 17 12 10 9 6 5 32 3 16 8 4 2 1 0 

0.000000000000 0.000000000000 0.000000000000 0.000000000000 0.000000000000 0.000000000000 0.000000000000 0.000000000000 0.000000000000 0.000000000000 0.000000000000 0.000000000000 0.000000000000 0.000000000000 0.000000000000 0.000000005751 0.000000000000 0.000000000000 0.000000000000 0.000000000000 0.000000000000 0.000000000000 0.000000000000 0.000000339880 0.000000000000 0.000000000000 0.000000000000 0.000000095584 0.000000000000 0.000000479730 0.000000782190 0.006682400000 0.000000000000 0.000000000000 0.000000000000 0.000000000000 0.000000000000 0.000000000000 0.000000000000 0.000001861800 0.000000000000 0.000000000000 0.000000000000 0.000001981000 0.000000000000 0.000007293300 0.000011220000 0.015783000000 0.000000000000 0.000000000000 0.000000000000 0.000029407000 0.000000000000 0.000058348000 0.000108680000 0.038876000000 0.000000003087 0.000450460000 0.000960640000 0.096949000000 0.007758800000 0.222580000000 0.402560000000 0.910750000000 

0.000000000000 0.000000000000 0.000000000000 0.000000000000 0.000000000000 0.000000000000 0.000000000000 0.000000000000 0.000000000000 0.000000000000 0.000000000000 0.000000000000 0.000000000000 0.000000000000 0.000000000000 0.000000002438 0.000000000000 0.000000000000 0.000000000000 0.000000000000 0.000000000000 0.000000000000 0.000000000000 0.000000291690 0.000000000000 0.000000000000 0.000000000000 0.000000061749 0.000000000000 0.000000421110 0.000000795700 0.015925000000 0.000000000000 0.000000000000 0.000000000000 0.000000000000 0.000000000000 0.000000000000 0.000000000000 0.000003670100 0.000000000000 0.000000000000 0.000000000000 0.000003254900 0.000000000000 0.000020798000 0.000023388000 0.036945000000 0.000000000000 0.000000000000 0.000000000000 0.000082760000 0.000000000000 0.000143150000 0.000242450000 0.084398000000 0.000000001477 0.001019400000 0.002114100000 0.189440000000 0.016205000000 0.375740000000 0.594710000000 0.970430000000 

N_obs: 80000

File Format:
1- most to least reliable channels (taken entropies)
2- most to least reliable channels (taken error probabilities)
3- channels entropies (flipped)
4- channels error probabilities (flipped)
5- number of MontCarlo simulations
