63 62 61 60 59 58 57 56 55 54 53 52 51 50 49 47 46 45 44 43 42 41 39 38 37 35 31 30 29 28 27 26 25 23 22 21 19 15 14 13 11 7 48 36 24 33 34 40 20 18 17 12 10 9 6 5 3 32 16 8 4 2 1 0 

63 62 61 60 59 58 57 56 55 54 53 52 51 50 49 47 46 45 44 43 42 41 39 38 37 35 31 30 29 28 27 26 25 23 22 21 19 15 14 13 11 7 48 36 24 33 34 40 20 18 17 12 10 9 6 5 3 32 16 8 4 2 1 0 

0.000000000000 0.000000000000 0.000000000000 0.000000000000 0.000000000000 0.000000000000 0.000000000000 0.000000000000 0.000000000000 0.000000000000 0.000000000000 0.000000000000 0.000000000000 0.000000000000 0.000000000000 0.000000000192 0.000000000000 0.000000000000 0.000000000000 0.000000000000 0.000000000000 0.000000000000 0.000000000000 0.000000035488 0.000000000000 0.000000000000 0.000000000000 0.000000000898 0.000000000000 0.000000014217 0.000000005653 0.001937700000 0.000000000000 0.000000000000 0.000000000000 0.000000000000 0.000000000000 0.000000000000 0.000000000000 0.000000004047 0.000000000000 0.000000000000 0.000000000000 0.000000069758 0.000000000000 0.000000080970 0.000000158590 0.004219600000 0.000000000000 0.000000000000 0.000000000000 0.000000362360 0.000000000000 0.000003368300 0.000004487000 0.010350000000 0.000000000000 0.000019012000 0.000064142000 0.025733000000 0.000431420000 0.065833000000 0.150970000000 0.714750000000 

0.000000000000 0.000000000000 0.000000000000 0.000000000000 0.000000000000 0.000000000000 0.000000000000 0.000000000000 0.000000000000 0.000000000000 0.000000000000 0.000000000000 0.000000000000 0.000000000000 0.000000000000 0.000000000066 0.000000000000 0.000000000000 0.000000000000 0.000000000000 0.000000000000 0.000000000000 0.000000000000 0.000000023579 0.000000000000 0.000000000000 0.000000000000 0.000000000328 0.000000000000 0.000000007654 0.000000002582 0.004470600000 0.000000000000 0.000000000000 0.000000000000 0.000000000000 0.000000000000 0.000000000000 0.000000000000 0.000000001680 0.000000000000 0.000000000000 0.000000000000 0.000000044661 0.000000000000 0.000000054724 0.000000095184 0.010032000000 0.000000000000 0.000000000000 0.000000000000 0.000000242700 0.000000000000 0.000003892700 0.000005680300 0.024098000000 0.000000000000 0.000036606000 0.000133610000 0.055981000000 0.000891750000 0.131040000000 0.269490000000 0.882670000000 

N_obs: 80000

File Format:
1- most to least reliable channels (taken entropies)
2- most to least reliable channels (taken error probabilities)
3- channels entropies (flipped)
4- channels error probabilities (flipped)
5- number of MontCarlo simulations
