63 62 61 60 59 58 57 55 54 53 51 47 46 45 43 39 31 30 29 27 23 56 15 52 50 49 44 41 42 38 37 28 35 26 25 22 21 19 14 13 48 40 11 36 34 24 33 20 18 7 17 12 10 9 32 6 16 5 3 8 4 2 1 0 

63 62 61 60 59 58 57 55 54 53 51 47 46 45 43 39 31 30 29 27 23 56 15 52 49 50 44 41 42 38 37 28 35 26 25 22 21 19 14 13 48 40 36 11 34 24 33 20 7 18 17 12 10 9 32 6 16 5 3 8 4 2 1 0 

0.000000000000 0.000000000000 0.000000000000 0.000000000000 0.000000000000 0.000000000000 0.000000000000 0.000000000000 0.000000000000 0.000000000000 0.000000000000 0.000000000000 0.000000000000 0.000000000000 0.000000000000 0.000055080000 0.000000000000 0.000000000000 0.000000000000 0.000000000000 0.000000000000 0.000000000000 0.000000000000 0.000100740000 0.000000000000 0.000000000001 0.000000000016 0.000210990000 0.000000000225 0.000464220000 0.001178600000 0.117900000000 0.000000000000 0.000000000000 0.000000000000 0.000000000068 0.000000000000 0.000000000263 0.000000001401 0.001042200000 0.000000000000 0.000000085007 0.000000283770 0.002240700000 0.000001975000 0.005212300000 0.012897000000 0.292850000000 0.000000000000 0.000012784000 0.000023272000 0.019136000000 0.000208120000 0.043335000000 0.093964000000 0.595020000000 0.005386200000 0.183070000000 0.326750000000 0.860680000000 0.571880000000 0.962970000000 0.984250000000 0.999990000000 

0.000000000000 0.000000000000 0.000000000000 0.000000000000 0.000000000000 0.000000000000 0.000000000000 0.000000000000 0.000000000000 0.000000000000 0.000000000000 0.000000000000 0.000000000000 0.000000000000 0.000000000000 0.000134650000 0.000000000000 0.000000000000 0.000000000000 0.000000000000 0.000000000000 0.000000000000 0.000000000000 0.000293940000 0.000000000000 0.000000000000 0.000000000005 0.000478300000 0.000000000080 0.001045300000 0.002795500000 0.242640000000 0.000000000000 0.000000000000 0.000000000000 0.000000000021 0.000000000000 0.000000000091 0.000000000534 0.002348900000 0.000000000000 0.000000062939 0.000000271910 0.005207000000 0.000002974100 0.011600000000 0.027397000000 0.491810000000 0.000000000000 0.000025843000 0.000064259000 0.040683000000 0.000486750000 0.086324000000 0.170530000000 0.783680000000 0.011375000000 0.311030000000 0.493110000000 0.944680000000 0.755230000000 0.984000000000 0.989790000000 0.992190000000 

N_obs: 80000

File Format:
1- most to least reliable channels (taken entropies)
2- most to least reliable channels (taken error probabilities)
3- channels entropies (flipped)
4- channels error probabilities (flipped)
5- number of MontCarlo simulations
