63 62 61 60 59 58 57 56 55 54 53 52 51 50 49 47 46 45 44 43 42 41 39 38 31 30 29 27 23 15 37 35 26 28 25 22 21 19 14 13 11 40 36 48 7 33 24 34 20 18 17 12 10 9 6 5 32 16 3 8 4 2 1 0 

63 62 61 60 59 58 57 56 55 54 53 52 51 50 49 47 46 45 44 43 42 41 39 38 31 30 29 27 23 15 37 35 26 28 25 22 21 19 14 13 11 36 40 48 7 33 24 34 20 18 17 12 10 9 6 5 32 16 3 8 4 2 1 0 

0.000000000000 0.000000000000 0.000000000000 0.000000000000 0.000000000000 0.000000000000 0.000000000000 0.000000000000 0.000000000000 0.000000000000 0.000000000000 0.000000000000 0.000000000000 0.000000000000 0.000000000000 0.000004757500 0.000000000000 0.000000000000 0.000000000000 0.000000000000 0.000000000000 0.000000000000 0.000000000000 0.000002424100 0.000000000000 0.000000000000 0.000000000000 0.000002568500 0.000000000000 0.000019765000 0.000013737000 0.019963000000 0.000000000000 0.000000000000 0.000000000000 0.000000000000 0.000000000000 0.000000000000 0.000000000000 0.000015574000 0.000000000000 0.000000000000 0.000000000000 0.000026874000 0.000000000000 0.000076272000 0.000169230000 0.048373000000 0.000000000000 0.000000000001 0.000000000005 0.000327790000 0.000000035928 0.000655350000 0.001557000000 0.121920000000 0.000005563600 0.005677700000 0.013171000000 0.280900000000 0.063863000000 0.517040000000 0.708540000000 0.986480000000 

0.000000000000 0.000000000000 0.000000000000 0.000000000000 0.000000000000 0.000000000000 0.000000000000 0.000000000000 0.000000000000 0.000000000000 0.000000000000 0.000000000000 0.000000000000 0.000000000000 0.000000000000 0.000012522000 0.000000000000 0.000000000000 0.000000000000 0.000000000000 0.000000000000 0.000000000000 0.000000000000 0.000004883300 0.000000000000 0.000000000000 0.000000000000 0.000003394700 0.000000000000 0.000055282000 0.000014900000 0.046826000000 0.000000000000 0.000000000000 0.000000000000 0.000000000000 0.000000000000 0.000000000000 0.000000000000 0.000023408000 0.000000000000 0.000000000000 0.000000000000 0.000062704000 0.000000000000 0.000183830000 0.000388600000 0.105480000000 0.000000000000 0.000000000000 0.000000000001 0.000855680000 0.000000023961 0.001615200000 0.003486300000 0.236500000000 0.000012765000 0.012498000000 0.027093000000 0.460170000000 0.119860000000 0.709010000000 0.866240000000 0.990060000000 

N_obs: 80000

File Format:
1- most to least reliable channels (taken entropies)
2- most to least reliable channels (taken error probabilities)
3- channels entropies (flipped)
4- channels error probabilities (flipped)
5- number of MontCarlo simulations
