63 62 61 60 59 58 57 56 55 54 53 52 51 47 46 45 43 39 31 30 29 27 23 15 49 44 50 42 41 35 37 28 38 25 26 22 21 19 14 13 11 48 40 36 34 24 33 7 20 18 17 12 10 9 6 32 5 16 3 8 4 2 1 0 

63 62 61 60 59 58 57 56 55 54 53 52 51 47 46 45 43 39 31 30 29 27 23 15 49 50 44 42 41 35 37 28 38 25 26 22 21 19 14 13 11 48 40 36 34 24 33 7 20 18 17 12 10 9 6 32 5 16 3 8 4 2 1 0 

0.000000000000 0.000000000000 0.000000000000 0.000000000000 0.000000000000 0.000000000000 0.000000000000 0.000000000000 0.000000000000 0.000000000000 0.000000000000 0.000000000000 0.000000000000 0.000000000000 0.000000000000 0.000010108000 0.000000000000 0.000000000000 0.000000000000 0.000000000000 0.000000000000 0.000000000000 0.000000000000 0.000020693000 0.000000000000 0.000000000000 0.000000000000 0.000034553000 0.000000000000 0.000072914000 0.000145700000 0.051423000000 0.000000000000 0.000000000000 0.000000000000 0.000000000000 0.000000000000 0.000000000000 0.000000000000 0.000135560000 0.000000000000 0.000000000001 0.000000000267 0.000312880000 0.000000000279 0.000655210000 0.001616000000 0.129310000000 0.000000000000 0.000000009332 0.000000084527 0.002938500000 0.000002763700 0.006571000000 0.015465000000 0.307090000000 0.000211650000 0.042778000000 0.091398000000 0.586920000000 0.259400000000 0.815920000000 0.911340000000 0.999200000000 

0.000000000000 0.000000000000 0.000000000000 0.000000000000 0.000000000000 0.000000000000 0.000000000000 0.000000000000 0.000000000000 0.000000000000 0.000000000000 0.000000000000 0.000000000000 0.000000000000 0.000000000000 0.000015390000 0.000000000000 0.000000000000 0.000000000000 0.000000000000 0.000000000000 0.000000000000 0.000000000000 0.000052977000 0.000000000000 0.000000000000 0.000000000000 0.000065571000 0.000000000000 0.000125610000 0.000321780000 0.114250000000 0.000000000000 0.000000000000 0.000000000000 0.000000000000 0.000000000000 0.000000000000 0.000000000000 0.000251680000 0.000000000000 0.000000000000 0.000000000093 0.000729560000 0.000000000099 0.001577600000 0.003857200000 0.254900000000 0.000000000000 0.000000003913 0.000000048134 0.006720800000 0.000009781800 0.014716000000 0.032097000000 0.501320000000 0.000542840000 0.084216000000 0.165170000000 0.771030000000 0.412760000000 0.923650000000 0.970510000000 0.992100000000 

N_obs: 80000

File Format:
1- most to least reliable channels (taken entropies)
2- most to least reliable channels (taken error probabilities)
3- channels entropies (flipped)
4- channels error probabilities (flipped)
5- number of MontCarlo simulations
