63 62 61 60 59 58 57 55 54 53 51 47 46 45 43 39 31 30 29 27 23 50 56 52 42 44 49 41 37 15 38 35 28 26 25 22 21 19 48 14 40 13 36 34 11 24 33 20 18 7 17 12 10 32 9 6 16 5 3 8 4 2 1 0 

63 62 61 60 59 58 57 55 54 53 51 47 46 45 43 39 31 30 29 27 23 50 56 52 42 44 49 41 37 15 38 35 28 26 25 22 21 19 48 14 40 13 36 34 11 24 33 20 18 7 17 12 10 32 9 6 16 5 3 8 4 2 1 0 

0.000000000000 0.000000000000 0.000000000000 0.000000000000 0.000000000000 0.000000000000 0.000000000000 0.000000000000 0.000000000000 0.000000000000 0.000000000000 0.000000000000 0.000000000000 0.000000000000 0.000000000002 0.000224220000 0.000000000000 0.000000000000 0.000000000000 0.000000000001 0.000000000000 0.000000000001 0.000000000006 0.000447690000 0.000000000000 0.000000000746 0.000000000174 0.001028300000 0.000000012652 0.002528300000 0.006479500000 0.238700000000 0.000000000000 0.000000000000 0.000000000000 0.000000022612 0.000000000000 0.000000465010 0.000001380400 0.005500000000 0.000000000000 0.000009379900 0.000013093000 0.012758000000 0.000075079000 0.029661000000 0.068434000000 0.541970000000 0.000000000325 0.000400380000 0.000867830000 0.084571000000 0.004830900000 0.178970000000 0.319620000000 0.856590000000 0.052676000000 0.474050000000 0.658410000000 0.977120000000 0.828370000000 0.996240000000 0.998410000000 1.000000000000 

0.000000000000 0.000000000000 0.000000000000 0.000000000000 0.000000000000 0.000000000000 0.000000000000 0.000000000000 0.000000000000 0.000000000000 0.000000000000 0.000000000000 0.000000000000 0.000000000000 0.000000000000 0.000586740000 0.000000000000 0.000000000000 0.000000000000 0.000000000000 0.000000000000 0.000000000000 0.000000000001 0.001037000000 0.000000000000 0.000000000292 0.000000000052 0.002518000000 0.000000005418 0.005768500000 0.014699000000 0.431680000000 0.000000000000 0.000000000000 0.000000000000 0.000000010423 0.000000000000 0.000000514810 0.000012113000 0.012594000000 0.000000000000 0.000026578000 0.000032618000 0.028525000000 0.000177410000 0.061968000000 0.128450000000 0.749090000000 0.000000000124 0.000912010000 0.002025900000 0.161590000000 0.010236000000 0.304030000000 0.485070000000 0.943320000000 0.098548000000 0.659660000000 0.818800000000 0.987270000000 0.935510000000 0.991680000000 0.992010000000 0.992190000000 

N_obs: 80000

File Format:
1- most to least reliable channels (taken entropies)
2- most to least reliable channels (taken error probabilities)
3- channels entropies (flipped)
4- channels error probabilities (flipped)
5- number of MontCarlo simulations
