384 192 64
2 4
2 2 2 2 2 2 2 2 2 2 2 2 2 2 2 2 2 2 2 2 2 2 2 2 2 2 2 2 2 2 2 2 2 2 2 2 2 2 2 2 2 2 2 2 2 2 2 2 2 2 2 2 2 2 2 2 2 2 2 2 2 2 2 2 2 2 2 2 2 2 2 2 2 2 2 2 2 2 2 2 2 2 2 2 2 2 2 2 2 2 2 2 2 2 2 2 2 2 2 2 2 2 2 2 2 2 2 2 2 2 2 2 2 2 2 2 2 2 2 2 2 2 2 2 2 2 2 2 2 2 2 2 2 2 2 2 2 2 2 2 2 2 2 2 2 2 2 2 2 2 2 2 2 2 2 2 2 2 2 2 2 2 2 2 2 2 2 2 2 2 2 2 2 2 2 2 2 2 2 2 2 2 2 2 2 2 2 2 2 2 2 2 2 2 2 2 2 2 2 2 2 2 2 2 2 2 2 2 2 2 2 2 2 2 2 2 2 2 2 2 2 2 2 2 2 2 2 2 2 2 2 2 2 2 2 2 2 2 2 2 2 2 2 2 2 2 2 2 2 2 2 2 2 2 2 2 2 2 2 2 2 2 2 2 2 2 2 2 2 2 2 2 2 2 2 2 2 2 2 2 2 2 2 2 2 2 2 2 2 2 2 2 2 2 2 2 2 2 2 2 2 2 2 2 2 2 2 2 2 2 2 2 2 2 2 2 2 2 2 2 2 2 2 2 2 2 2 2 2 2 2 2 2 2 2 2 2 2 2 2 2 2 2 2 2 2 2 2 2 2 2 2 2 2 2 2 2 2 2 2 2 2 2 2 2 2 2 2 2 2 2 2 2 2 2 2 2 2 2 2 2 2 2 2 
4 4 4 4 4 4 4 4 4 4 4 4 4 4 4 4 4 4 4 4 4 4 4 4 4 4 4 4 4 4 4 4 4 4 4 4 4 4 4 4 4 4 4 4 4 4 4 4 4 4 4 4 4 4 4 4 4 4 4 4 4 4 4 4 4 4 4 4 4 4 4 4 4 4 4 4 4 4 4 4 4 4 4 4 4 4 4 4 4 4 4 4 4 4 4 4 4 4 4 4 4 4 4 4 4 4 4 4 4 4 4 4 4 4 4 4 4 4 4 4 4 4 4 4 4 4 4 4 4 4 4 4 4 4 4 4 4 4 4 4 4 4 4 4 4 4 4 4 4 4 4 4 4 4 4 4 4 4 4 4 4 4 4 4 4 4 4 4 4 4 4 4 4 4 4 4 4 4 4 4 4 4 4 4 4 4 4 4 4 4 4 4 
73 9 121 12 
74 18 122 59 
75 27 123 52 
76 26 124 58 
77 35 125 9 
78 27 126 30 
79 19 127 30 
80 4 128 58 
81 36 129 60 
82 48 130 40 
83 19 131 26 
84 15 132 11 
85 9 133 19 
86 9 134 9 
87 58 135 51 
88 10 136 31 
89 50 137 50 
90 15 138 47 
91 10 139 52 
92 13 140 62 
93 31 141 6 
94 29 142 31 
95 59 143 43 
96 63 144 27 
49 7 145 30 
50 16 146 44 
51 33 147 3 
52 43 148 60 
53 50 149 33 
54 58 150 19 
55 62 151 56 
56 50 152 63 
57 57 153 45 
58 35 154 14 
59 14 155 50 
60 43 156 61 
61 32 157 48 
62 6 158 11 
63 51 159 34 
64 49 160 23 
65 33 161 7 
66 40 162 63 
67 14 163 24 
68 14 164 42 
69 39 165 39 
70 42 166 7 
71 22 167 41 
72 40 168 20 
97 22 169 13 
98 50 170 30 
99 45 171 8 
100 7 172 19 
101 39 173 18 
102 32 174 51 
103 4 175 34 
104 55 176 44 
105 46 177 54 
106 52 178 52 
107 30 179 47 
108 2 180 13 
109 36 181 28 
110 40 182 22 
111 25 183 55 
112 47 184 45 
113 18 185 15 
114 4 186 47 
115 9 187 51 
116 57 188 39 
117 59 189 20 
118 10 190 56 
119 12 191 27 
120 31 192 61 
1 5 25 2 
2 36 26 15 
3 62 27 38 
4 60 28 5 
5 60 29 19 
6 31 30 27 
7 34 31 60 
8 14 32 41 
9 54 33 33 
10 21 34 20 
11 7 35 61 
12 41 36 39 
13 54 37 31 
14 59 38 6 
15 58 39 52 
16 51 40 42 
17 55 41 16 
18 34 42 14 
19 22 43 33 
20 30 44 38 
21 14 45 19 
22 4 46 25 
23 51 47 27 
24 20 48 58 
25 51 168 18 
26 11 145 7 
27 16 146 50 
28 35 147 32 
29 9 148 52 
30 37 149 38 
31 9 150 12 
32 22 151 2 
33 1 152 14 
34 63 153 17 
35 32 154 46 
36 1 155 27 
37 12 156 21 
38 30 157 13 
39 6 158 7 
40 52 159 33 
41 6 160 60 
42 24 161 59 
43 4 162 2 
44 43 163 40 
45 42 164 42 
46 36 165 41 
47 62 166 54 
48 62 167 52 
49 25 132 6 
50 60 133 40 
51 63 134 13 
52 40 135 41 
53 5 136 6 
54 6 137 35 
55 43 138 58 
56 36 139 57 
57 45 140 21 
58 37 141 63 
59 52 142 31 
60 41 143 38 
61 37 144 31 
62 16 121 35 
63 3 122 26 
64 43 123 58 
65 12 124 13 
66 24 125 29 
67 7 126 43 
68 12 127 38 
69 61 128 46 
70 39 129 44 
71 25 130 10 
72 42 131 32 
1 61 65 23 
2 19 66 48 
3 63 67 16 
4 61 68 21 
5 26 69 57 
6 31 70 29 
7 1 71 48 
8 40 72 35 
9 4 49 5 
10 35 50 44 
11 38 51 32 
12 21 52 36 
13 27 53 48 
14 49 54 56 
15 54 55 29 
16 49 56 11 
17 32 57 4 
18 43 58 62 
19 41 59 38 
20 38 60 51 
21 35 61 6 
22 15 62 63 
23 47 63 8 
24 33 64 63 
73 34 157 32 
74 13 158 40 
75 36 159 63 
76 5 160 31 
77 19 161 37 
78 50 162 57 
79 10 163 30 
80 11 164 63 
81 9 165 60 
82 30 166 35 
83 55 167 13 
84 56 168 33 
85 18 145 8 
86 42 146 45 
87 33 147 55 
88 5 148 7 
89 42 149 39 
90 50 150 55 
91 18 151 15 
92 3 152 6 
93 44 153 20 
94 62 154 42 
95 44 155 19 
96 62 156 16 
25 2 108 51 
26 50 109 48 
27 62 110 61 
28 21 111 62 
29 25 112 44 
30 19 113 57 
31 38 114 44 
32 20 115 46 
33 48 116 42 
34 45 117 24 
35 12 118 47 
36 36 119 56 
37 53 120 59 
38 2 97 7 
39 58 98 22 
40 27 99 21 
41 39 100 30 
42 42 101 2 
43 37 102 51 
44 30 103 13 
45 35 104 29 
46 56 105 32 
47 2 106 35 
48 26 107 9 
1 8 183 10 
2 9 184 4 
3 12 185 6 
4 37 186 13 
5 12 187 50 
6 49 188 51 
7 46 189 57 
8 44 190 10 
9 20 191 7 
10 26 192 4 
11 48 169 11 
12 25 170 63 
13 26 171 28 
14 33 172 32 
15 28 173 24 
16 60 174 37 
17 43 175 3 
18 34 176 18 
19 2 177 27 
20 16 178 55 
21 47 179 39 
22 17 180 24 
23 15 181 63 
24 37 182 58 
73 13 116 17 
74 1 117 43 
75 32 118 47 
76 21 119 4 
77 49 120 51 
78 18 97 9 
79 1 98 55 
80 51 99 47 
81 24 100 22 
82 57 101 47 
83 13 102 57 
84 44 103 49 
85 15 104 15 
86 3 105 44 
87 46 106 27 
88 54 107 43 
89 6 108 36 
90 7 109 17 
91 8 110 13 
92 36 111 55 
93 59 112 11 
94 51 113 58 
95 33 114 27 
96 56 115 51 
121 17 175 22 
122 9 176 14 
123 7 177 56 
124 49 178 9 
125 17 179 51 
126 28 180 57 
127 50 181 41 
128 55 182 4 
129 42 183 60 
130 8 184 13 
131 32 185 52 
132 63 186 23 
133 5 187 18 
134 48 188 39 
135 26 189 6 
136 41 190 38 
137 59 191 41 
138 44 192 43 
139 32 169 24 
140 4 170 33 
141 13 171 42 
142 45 172 25 
143 15 173 12 
144 54 174 60 
145 16 185 38 
146 18 186 17 
147 16 187 48 
148 33 188 29 
149 8 189 63 
150 14 190 17 
151 35 191 7 
152 18 192 45 
153 13 169 3 
154 58 170 29 
155 32 171 63 
156 55 172 42 
157 51 173 29 
158 40 174 48 
159 2 175 47 
160 29 176 20 
161 50 177 61 
162 19 178 23 
163 45 179 47 
164 30 180 41 
165 57 181 51 
166 19 182 6 
167 26 183 49 
168 53 184 58 
49 56 118 37 
50 53 119 21 
51 19 120 13 
52 28 97 36 
53 21 98 62 
54 41 99 58 
55 39 100 21 
56 46 101 32 
57 32 102 52 
58 22 103 45 
59 9 104 36 
60 3 105 31 
61 37 106 2 
62 33 107 41 
63 18 108 42 
64 20 109 59 
65 20 110 44 
66 22 111 57 
67 16 112 29 
68 19 113 24 
69 48 114 38 
70 31 115 7 
71 39 116 23 
72 43 117 1 
25 37 133 61 
26 16 134 39 
27 18 135 27 
28 10 136 58 
29 40 137 32 
30 44 138 43 
31 53 139 58 
32 55 140 7 
33 61 141 48 
34 51 142 30 
35 26 143 22 
36 24 144 47 
37 55 121 22 
38 3 122 36 
39 52 123 12 
40 40 124 36 
41 40 125 40 
42 45 126 60 
43 54 127 28 
44 52 128 1 
45 39 129 9 
46 51 130 19 
47 2 131 22 
48 11 132 51 
1 35 95 42 
2 59 96 6 
3 42 73 2 
4 49 74 15 
5 26 75 14 
6 24 76 3 
7 8 77 46 
8 36 78 25 
9 39 79 23 
10 17 80 45 
11 10 81 27 
12 2 82 7 
13 22 83 18 
14 5 84 43 
15 11 85 45 
16 50 86 33 
17 57 87 35 
18 10 88 37 
19 4 89 29 
20 47 90 51 
21 26 91 51 
22 42 92 30 
23 5 93 3 
24 9 94 47 
73 5 145 61 217 8 361 35 
74 36 146 19 218 9 362 59 
75 62 147 63 219 12 363 42 
76 60 148 61 220 37 364 49 
77 60 149 26 221 12 365 26 
78 31 150 31 222 49 366 24 
79 34 151 1 223 46 367 8 
80 14 152 40 224 44 368 36 
81 54 153 4 225 20 369 39 
82 21 154 35 226 26 370 17 
83 7 155 38 227 48 371 10 
84 41 156 21 228 25 372 2 
85 54 157 27 229 26 373 22 
86 59 158 49 230 33 374 5 
87 58 159 54 231 28 375 11 
88 51 160 49 232 60 376 50 
89 55 161 32 233 43 377 57 
90 34 162 43 234 34 378 10 
91 22 163 41 235 2 379 4 
92 30 164 38 236 16 380 47 
93 14 165 35 237 47 381 26 
94 4 166 15 238 17 382 42 
95 51 167 47 239 15 383 5 
96 20 168 33 240 37 384 9 
73 2 97 51 193 2 337 37 
74 15 98 11 194 50 338 16 
75 38 99 16 195 62 339 18 
76 5 100 35 196 21 340 10 
77 19 101 9 197 25 341 40 
78 27 102 37 198 19 342 44 
79 60 103 9 199 38 343 53 
80 41 104 22 200 20 344 55 
81 33 105 1 201 48 345 61 
82 20 106 63 202 45 346 51 
83 61 107 32 203 12 347 26 
84 39 108 1 204 36 348 24 
85 31 109 12 205 53 349 55 
86 6 110 30 206 2 350 3 
87 52 111 6 207 58 351 52 
88 42 112 52 208 27 352 40 
89 16 113 6 209 39 353 40 
90 14 114 24 210 42 354 45 
91 33 115 4 211 37 355 54 
92 38 116 43 212 30 356 52 
93 19 117 42 213 35 357 39 
94 25 118 36 214 56 358 51 
95 27 119 62 215 2 359 2 
96 58 120 62 216 26 360 11 
25 7 121 25 153 5 313 56 
26 16 122 60 154 44 314 53 
27 33 123 63 155 32 315 19 
28 43 124 40 156 36 316 28 
29 50 125 5 157 48 317 21 
30 58 126 6 158 56 318 41 
31 62 127 43 159 29 319 39 
32 50 128 36 160 11 320 46 
33 57 129 45 161 4 321 32 
34 35 130 37 162 62 322 22 
35 14 131 52 163 38 323 9 
36 43 132 41 164 51 324 3 
37 32 133 37 165 6 325 37 
38 6 134 16 166 63 326 33 
39 51 135 3 167 8 327 18 
40 49 136 43 168 63 328 20 
41 33 137 12 145 23 329 20 
42 40 138 24 146 48 330 22 
43 14 139 7 147 16 331 16 
44 14 140 12 148 21 332 19 
45 39 141 61 149 57 333 48 
46 42 142 39 150 29 334 31 
47 22 143 25 151 48 335 39 
48 40 144 42 152 35 336 43 
1 9 169 34 241 13 363 2 
2 18 170 13 242 1 364 15 
3 27 171 36 243 32 365 14 
4 26 172 5 244 21 366 3 
5 35 173 19 245 49 367 46 
6 27 174 50 246 18 368 25 
7 19 175 10 247 1 369 23 
8 4 176 11 248 51 370 45 
9 36 177 9 249 24 371 27 
10 48 178 30 250 57 372 7 
11 19 179 55 251 13 373 18 
12 15 180 56 252 44 374 43 
13 9 181 18 253 15 375 45 
14 9 182 42 254 3 376 33 
15 58 183 33 255 46 377 35 
16 10 184 5 256 54 378 37 
17 50 185 42 257 6 379 29 
18 15 186 50 258 7 380 51 
19 10 187 18 259 8 381 51 
20 13 188 3 260 36 382 30 
21 31 189 44 261 59 383 3 
22 29 190 62 262 51 384 47 
23 59 191 44 263 33 361 42 
24 63 192 62 264 56 362 6 
49 22 206 7 246 9 316 36 
50 50 207 22 247 55 317 62 
51 45 208 21 248 47 318 58 
52 7 209 30 249 22 319 21 
53 39 210 2 250 47 320 32 
54 32 211 51 251 57 321 52 
55 4 212 13 252 49 322 45 
56 55 213 29 253 15 323 36 
57 46 214 32 254 44 324 31 
58 52 215 35 255 27 325 2 
59 30 216 9 256 43 326 41 
60 2 193 51 257 36 327 42 
61 36 194 48 258 17 328 59 
62 40 195 61 259 13 329 44 
63 25 196 62 260 55 330 57 
64 47 197 44 261 11 331 29 
65 18 198 57 262 58 332 24 
66 4 199 44 263 27 333 38 
67 9 200 46 264 51 334 7 
68 57 201 42 241 17 335 23 
69 59 202 24 242 43 336 1 
70 10 203 47 243 47 313 37 
71 12 204 56 244 4 314 21 
72 31 205 59 245 51 315 13 
1 12 134 35 265 17 349 22 
2 59 135 26 266 9 350 36 
3 52 136 58 267 7 351 12 
4 58 137 13 268 49 352 36 
5 9 138 29 269 17 353 40 
6 30 139 43 270 28 354 60 
7 30 140 38 271 50 355 28 
8 58 141 46 272 55 356 1 
9 60 142 44 273 42 357 9 
10 40 143 10 274 8 358 19 
11 26 144 32 275 32 359 22 
12 11 121 6 276 63 360 51 
13 19 122 40 277 5 337 61 
14 9 123 13 278 48 338 39 
15 51 124 41 279 26 339 27 
16 31 125 6 280 41 340 58 
17 50 126 35 281 59 341 32 
18 47 127 58 282 44 342 43 
19 52 128 57 283 32 343 58 
20 62 129 21 284 4 344 7 
21 6 130 63 285 13 345 48 
22 31 131 31 286 45 346 30 
23 43 132 38 287 15 347 22 
24 27 133 31 288 54 348 47 
25 30 98 7 181 8 289 16 
26 44 99 50 182 45 290 18 
27 3 100 32 183 55 291 16 
28 60 101 52 184 7 292 33 
29 33 102 38 185 39 293 8 
30 19 103 12 186 55 294 14 
31 56 104 2 187 15 295 35 
32 63 105 14 188 6 296 18 
33 45 106 17 189 20 297 13 
34 14 107 46 190 42 298 58 
35 50 108 27 191 19 299 32 
36 61 109 21 192 16 300 55 
37 48 110 13 169 32 301 51 
38 11 111 7 170 40 302 40 
39 34 112 33 171 63 303 2 
40 23 113 60 172 31 304 29 
41 7 114 59 173 37 305 50 
42 63 115 2 174 57 306 19 
43 24 116 40 175 30 307 45 
44 42 117 42 176 63 308 30 
45 39 118 41 177 60 309 57 
46 7 119 54 178 35 310 19 
47 41 120 52 179 13 311 26 
48 20 97 18 180 33 312 53 
49 13 227 11 283 24 297 3 
50 30 228 63 284 33 298 29 
51 8 229 28 285 42 299 63 
52 19 230 32 286 25 300 42 
53 18 231 24 287 12 301 29 
54 51 232 37 288 60 302 48 
55 34 233 3 265 22 303 47 
56 44 234 18 266 14 304 20 
57 54 235 27 267 56 305 61 
58 52 236 55 268 9 306 23 
59 47 237 39 269 51 307 47 
60 13 238 24 270 57 308 41 
61 28 239 63 271 41 309 51 
62 22 240 58 272 4 310 6 
63 55 217 10 273 60 311 49 
64 45 218 4 274 13 312 58 
65 15 219 6 275 52 289 38 
66 47 220 13 276 23 290 17 
67 51 221 50 277 18 291 48 
68 39 222 51 278 39 292 29 
69 20 223 57 279 6 293 63 
70 56 224 10 280 38 294 17 
71 27 225 7 281 41 295 7 
72 61 226 4 282 43 296 45 
