127 126 125 124 123 122 121 119 118 117 115 111 110 109 107 103 95 94 93 91 63 87 120 116 114 105 108 79 113 62 106 59 102 61 92 101 99 89 90 55 86 85 83 112 78 104 60 77 47 100 58 57 98 75 88 97 54 84 53 82 31 71 81 51 76 46 56 45 74 96 73 52 43 30 70 50 80 39 29 69 49 44 67 27 72 42 23 41 15 38 28 68 48 37 35 66 26 25 65 22 40 21 19 14 13 11 36 7 34 33 64 24 20 18 17 12 10 9 6 5 3 32 16 8 4 2 1 0 

127 126 125 124 123 122 121 119 118 117 115 111 110 109 107 103 95 94 93 91 63 87 120 116 114 105 108 79 113 62 106 59 102 61 92 101 99 89 90 55 85 86 83 112 78 104 60 47 77 100 58 57 98 75 88 54 97 84 53 82 31 71 51 81 46 76 45 56 74 96 73 52 43 30 70 50 80 39 29 69 49 44 67 27 72 42 23 41 15 38 68 28 48 37 35 66 26 65 25 22 40 21 19 14 13 36 7 33 24 17 12 3 5 8 4 2 1 0 16 32 6 9 10 18 20 64 11 34 

0.000000000000 0.000000000000 0.000000000000 0.000000000000 0.000000000000 0.000000000000 0.000000000000 0.000000000001 0.000000000000 0.000000000000 0.000000000000 0.000000000004 0.000000000000 0.000000000014 0.000000001145 0.000483780000 0.000000000000 0.000000000000 0.000000000000 0.000000000141 0.000000000000 0.000000001988 0.000000000095 0.001150800000 0.000000000000 0.000000015526 0.000000845040 0.002339500000 0.000002760200 0.005509900000 0.013288000000 0.293550000000 0.000000000000 0.000000000000 0.000000000000 0.000000527880 0.000000000000 0.000004137000 0.000003909000 0.008867700000 0.000000000000 0.000021102000 0.000022403000 0.019649000000 0.000206010000 0.044469000000 0.093794000000 0.591280000000 0.000000000287 0.000705200000 0.001586200000 0.103980000000 0.007705200000 0.207350000000 0.351770000000 0.871260000000 0.059967000000 0.490330000000 0.664240000000 0.977160000000 0.824080000000 0.995580000000 0.998090000000 1.000000000000 0.000000000000 0.000000001189 0.000000051098 0.001310800000 0.000000005798 0.002424900000 0.005496200000 0.187730000000 0.000012367000 0.013296000000 0.028607000000 0.363450000000 0.094816000000 0.576800000000 0.735690000000 0.986960000000 0.001783500000 0.106370000000 0.198790000000 0.741720000000 0.394750000000 0.893200000000 0.946910000000 0.999650000000 0.640950000000 0.974900000000 0.988790000000 0.999990000000 0.994930000000 1.000000000000 1.000000000000 1.000000000000 0.053886000000 0.477690000000 0.660860000000 0.977140000000 0.825150000000 0.995700000000 0.998080000000 1.000000000000 0.921970000000 0.999410000000 0.999740000000 1.000000000000 0.999870000000 1.000000000000 1.000000000000 1.000000000000 0.966150000000 0.999920000000 0.999960000000 1.000000000000 0.999980000000 1.000000000000 1.000000000000 1.000000000000 0.999990000000 1.000000000000 1.000000000000 1.000000000000 1.000000000000 1.000000000000 1.000000000000 1.000000000000 

0.000000000000 0.000000000000 0.000000000000 0.000000000000 0.000000000000 0.000000000000 0.000000000000 0.000000000000 0.000000000000 0.000000000000 0.000000000000 0.000000000001 0.000000000000 0.000000000003 0.000000000368 0.000986560000 0.000000000000 0.000000000000 0.000000000000 0.000000000039 0.000000000000 0.000000000677 0.000000000022 0.002369200000 0.000000000000 0.000000005716 0.000000788610 0.004799400000 0.000003312300 0.010890000000 0.025537000000 0.466730000000 0.000000000000 0.000000000000 0.000000000000 0.000000341060 0.000000000000 0.000005477900 0.000003644100 0.017523000000 0.000000000000 0.000075742000 0.000030213000 0.037762000000 0.000318600000 0.081428000000 0.159000000000 0.755730000000 0.000000000080 0.001388400000 0.003609900000 0.178140000000 0.014492000000 0.322740000000 0.495730000000 0.933540000000 0.102100000000 0.644340000000 0.799060000000 0.978030000000 0.914300000000 0.983430000000 0.984030000000 0.984380000000 0.000000000000 0.000000000384 0.000000026461 0.002611000000 0.000000001875 0.004856300000 0.010799000000 0.304580000000 0.000024825000 0.025196000000 0.050779000000 0.516300000000 0.155440000000 0.721850000000 0.850400000000 0.981080000000 0.003303800000 0.175700000000 0.302680000000 0.853190000000 0.540960000000 0.941790000000 0.967930000000 0.984300000000 0.785370000000 0.977600000000 0.981870000000 0.984370000000 0.983430000000 0.984380000000 0.984370000000 0.984380000000 0.094365000000 0.638420000000 0.798180000000 0.978330000000 0.915690000000 0.983570000000 0.984040000000 0.984370000000 0.962830000000 0.984290000000 0.984340000000 0.984380000000 0.984360000000 0.984380000000 0.984370000000 0.984380000000 0.977570000000 0.984370000000 0.984370000000 0.984370000000 0.984380000000 0.984380000000 0.984380000000 0.984380000000 0.984370000000 0.984380000000 0.984370000000 0.984380000000 0.984370000000 0.984380000000 0.984380000000 0.984380000000 

N_obs: 40000

File Format:
1- most to least reliable channels (taken entropies)
2- most to least reliable channels (taken error probabilities)
3- channels entropies (flipped)
4- channels error probabilities (flipped)
5- number of MontCarlo simulations
