127 126 125 124 123 122 121 120 119 118 117 116 115 114 111 110 109 108 107 103 95 94 93 91 87 79 63 62 61 59 55 113 106 105 102 101 99 92 89 85 86 47 90 78 77 60 83 58 75 54 57 112 53 104 31 71 100 51 98 88 97 46 84 45 82 81 76 43 74 56 73 30 52 70 39 29 50 69 96 49 44 27 80 42 67 41 72 23 38 28 68 37 48 26 15 66 35 25 40 65 22 21 36 19 14 34 24 13 33 11 64 7 20 18 17 12 32 10 9 6 5 3 16 8 2 4 1 0 

127 126 125 124 123 122 121 120 119 118 117 116 115 114 111 110 109 108 107 103 95 94 93 91 87 79 63 62 61 59 55 113 106 105 102 101 99 92 89 85 86 47 90 78 77 60 83 58 54 75 57 112 53 71 104 100 31 51 88 97 98 46 84 45 82 81 76 43 74 56 73 30 52 70 39 29 50 69 96 49 44 27 80 42 67 41 72 23 38 28 68 37 48 26 15 66 35 25 40 65 22 21 36 19 14 34 24 13 33 64 11 7 20 18 17 12 9 10 32 6 16 8 4 0 1 2 5 3 

0.000000000000 0.000000000000 0.000000000000 0.000000000000 0.000000000000 0.000000000000 0.000000000000 0.000000000000 0.000000000000 0.000000000000 0.000000000000 0.000000000000 0.000000000000 0.000000000000 0.000000000000 0.000002247400 0.000000000000 0.000000000000 0.000000000000 0.000000000000 0.000000000000 0.000000000000 0.000000000000 0.000005385500 0.000000000000 0.000000000000 0.000000000000 0.000012323000 0.000000000000 0.000024746000 0.000051732000 0.030745000000 0.000000000000 0.000000000000 0.000000000000 0.000000000000 0.000000000000 0.000000000006 0.000000000000 0.000040460000 0.000000000000 0.000000000000 0.000000000000 0.000098116000 0.000000016803 0.000252470000 0.000521100000 0.070924000000 0.000000000000 0.000000000033 0.000000000777 0.000827300000 0.000000337210 0.001625500000 0.003721300000 0.164800000000 0.000006313200 0.010786000000 0.023734000000 0.346130000000 0.090769000000 0.577640000000 0.746730000000 0.989230000000 0.000000000000 0.000000000000 0.000000000000 0.000000014221 0.000000000000 0.000000089263 0.000001087200 0.003329500000 0.000000000000 0.000000368500 0.000003444700 0.007295200000 0.000020975000 0.015795000000 0.035517000000 0.410440000000 0.000000000000 0.000077927000 0.000193070000 0.038996000000 0.000972640000 0.080809000000 0.157770000000 0.690950000000 0.011880000000 0.250070000000 0.401330000000 0.895670000000 0.617940000000 0.969130000000 0.985710000000 0.999980000000 0.000005616800 0.007096500000 0.015505000000 0.284390000000 0.057873000000 0.477480000000 0.646080000000 0.973430000000 0.215310000000 0.761820000000 0.869530000000 0.997450000000 0.937670000000 0.999580000000 0.999780000000 1.000000000000 0.499710000000 0.942040000000 0.974340000000 0.999940000000 0.988890000000 0.999990000000 1.000000000000 1.000000000000 0.995030000000 1.000000000000 1.000000000000 1.000000000000 1.000000000000 1.000000000000 1.000000000000 1.000000000000 

0.000000000000 0.000000000000 0.000000000000 0.000000000000 0.000000000000 0.000000000000 0.000000000000 0.000000000000 0.000000000000 0.000000000000 0.000000000000 0.000000000000 0.000000000000 0.000000000000 0.000000000000 0.000001462400 0.000000000000 0.000000000000 0.000000000000 0.000000000000 0.000000000000 0.000000000000 0.000000000000 0.000009970200 0.000000000000 0.000000000000 0.000000000000 0.000015973000 0.000000000000 0.000086359000 0.000081752000 0.061848000000 0.000000000000 0.000000000000 0.000000000000 0.000000000000 0.000000000000 0.000000000001 0.000000000000 0.000077890000 0.000000000000 0.000000000000 0.000000000000 0.000190300000 0.000000007682 0.000651770000 0.001244400000 0.135390000000 0.000000000000 0.000000000008 0.000000000240 0.001841400000 0.000000246370 0.003108700000 0.007242600000 0.280550000000 0.000006302000 0.020266000000 0.043533000000 0.505490000000 0.152450000000 0.732160000000 0.866720000000 0.982070000000 0.000000000000 0.000000000000 0.000000000000 0.000000005767 0.000000000000 0.000000045295 0.000000812240 0.006412700000 0.000000000000 0.000000187930 0.000003058200 0.014902000000 0.000052749000 0.030271000000 0.063105000000 0.582600000000 0.000000000000 0.000091450000 0.000415850000 0.070189000000 0.001907600000 0.138270000000 0.247670000000 0.821050000000 0.021413000000 0.370900000000 0.545980000000 0.943750000000 0.762390000000 0.975820000000 0.981070000000 0.984370000000 0.000042603000 0.013352000000 0.029148000000 0.421960000000 0.097807000000 0.628340000000 0.778870000000 0.976470000000 0.327560000000 0.866720000000 0.932510000000 0.983830000000 0.965910000000 0.984290000000 0.984330000000 0.984370000000 0.665480000000 0.966500000000 0.978270000000 0.984370000000 0.982230000000 0.984370000000 0.984370000000 0.984370000000 0.983580000000 0.984370000000 0.984380000000 0.984370000000 0.984380000000 0.984380000000 0.984380000000 0.984380000000 

N_obs: 40000

File Format:
1- most to least reliable channels (taken entropies)
2- most to least reliable channels (taken error probabilities)
3- channels entropies (flipped)
4- channels error probabilities (flipped)
5- number of MontCarlo simulations
