127 126 125 124 123 122 121 119 118 117 115 111 110 109 107 103 95 94 93 91 87 63 79 62 116 120 114 113 61 106 108 59 105 101 90 99 92 102 89 86 85 55 83 78 47 77 60 112 58 104 57 100 75 98 54 88 97 53 84 31 71 82 51 46 81 76 45 74 56 73 43 52 96 30 70 50 39 80 29 69 44 49 27 67 42 72 41 23 38 28 68 15 48 37 26 66 35 25 65 40 22 21 19 14 36 13 11 7 34 33 24 64 20 17 18 12 10 9 6 5 3 32 16 8 4 2 1 0 

127 126 125 124 123 122 121 119 118 117 115 111 110 109 107 103 95 94 93 91 87 63 79 62 116 120 114 113 61 106 108 59 105 101 90 99 92 102 89 86 85 55 83 78 77 47 112 60 58 104 57 75 100 98 54 88 97 53 84 31 71 82 51 46 81 76 45 74 56 73 43 52 96 30 70 50 39 29 69 80 44 49 27 67 42 72 41 23 38 28 68 48 15 37 26 66 35 25 65 40 22 21 19 14 36 13 11 34 7 24 33 64 20 5 9 6 12 10 3 8 1 4 0 2 16 32 18 17 

0.000000000000 0.000000000000 0.000000000000 0.000000000000 0.000000000000 0.000000000000 0.000000000000 0.000000000000 0.000000000000 0.000000000000 0.000000000000 0.000000000000 0.000000000000 0.000000000000 0.000000000000 0.000147580000 0.000000000000 0.000000000000 0.000000000000 0.000000000001 0.000000000000 0.000000000000 0.000000000014 0.000294660000 0.000000000000 0.000000007543 0.000000000028 0.000540570000 0.000000001970 0.001174200000 0.002962200000 0.156080000000 0.000000000000 0.000000000000 0.000000000000 0.000000003509 0.000000000000 0.000000001594 0.000000013703 0.002041200000 0.000000000000 0.000000023369 0.000000098836 0.004225500000 0.000009578400 0.009776700000 0.022596000000 0.349830000000 0.000000000000 0.000035939000 0.000087453000 0.028901000000 0.000545850000 0.061446000000 0.126250000000 0.646100000000 0.008539700000 0.215560000000 0.363190000000 0.877210000000 0.591450000000 0.964880000000 0.984450000000 0.999980000000 0.000000000000 0.000000000000 0.000000000000 0.000123830000 0.000000000007 0.000228250000 0.000481360000 0.065741000000 0.000001118400 0.001367200000 0.002974500000 0.138860000000 0.014118000000 0.271240000000 0.434520000000 0.913000000000 0.000039812000 0.020680000000 0.043296000000 0.428930000000 0.130310000000 0.643870000000 0.786300000000 0.991680000000 0.345460000000 0.867700000000 0.933950000000 0.999470000000 0.969220000000 0.999910000000 0.999960000000 1.000000000000 0.007542300000 0.209640000000 0.356150000000 0.872800000000 0.583900000000 0.962110000000 0.982400000000 0.999980000000 0.787190000000 0.993400000000 0.997000000000 1.000000000000 0.998610000000 1.000000000000 1.000000000000 1.000000000000 0.903700000000 0.999120000000 0.999610000000 1.000000000000 0.999820000000 1.000000000000 1.000000000000 1.000000000000 0.999910000000 1.000000000000 1.000000000000 1.000000000000 1.000000000000 1.000000000000 1.000000000000 1.000000000000 

0.000000000000 0.000000000000 0.000000000000 0.000000000000 0.000000000000 0.000000000000 0.000000000000 0.000000000000 0.000000000000 0.000000000000 0.000000000000 0.000000000000 0.000000000000 0.000000000000 0.000000000000 0.000219520000 0.000000000000 0.000000000000 0.000000000000 0.000000000000 0.000000000000 0.000000000000 0.000000000003 0.000655200000 0.000000000000 0.000000003142 0.000000000007 0.001304200000 0.000000000662 0.002588500000 0.005731100000 0.277240000000 0.000000000000 0.000000000000 0.000000000000 0.000000001292 0.000000000000 0.000000000507 0.000000005075 0.004325800000 0.000000000000 0.000000008140 0.000000043109 0.008228900000 0.000045455000 0.019115000000 0.042282000000 0.522550000000 0.000000000000 0.000066099000 0.000140250000 0.054365000000 0.001086800000 0.108150000000 0.204830000000 0.793720000000 0.016205000000 0.331730000000 0.507570000000 0.936080000000 0.744200000000 0.974440000000 0.981050000000 0.984370000000 0.000000000000 0.000000000000 0.000000000000 0.000267210000 0.000000000002 0.000474800000 0.001044400000 0.118700000000 0.000001118800 0.002725200000 0.005792000000 0.230590000000 0.025269000000 0.402690000000 0.586430000000 0.953920000000 0.000144970000 0.037732000000 0.074499000000 0.584360000000 0.208040000000 0.776350000000 0.884090000000 0.982390000000 0.489350000000 0.930130000000 0.963600000000 0.984280000000 0.976720000000 0.984360000000 0.984370000000 0.984380000000 0.014695000000 0.325480000000 0.501080000000 0.933350000000 0.733230000000 0.973250000000 0.980260000000 0.984370000000 0.895790000000 0.983070000000 0.983870000000 0.984370000000 0.984160000000 0.984380000000 0.984380000000 0.984380000000 0.957820000000 0.984260000000 0.984320000000 0.984370000000 0.984350000000 0.984370000000 0.984370000000 0.984380000000 0.984360000000 0.984370000000 0.984370000000 0.984380000000 0.984370000000 0.984380000000 0.984380000000 0.984380000000 

N_obs: 40000

File Format:
1- most to least reliable channels (taken entropies)
2- most to least reliable channels (taken error probabilities)
3- channels entropies (flipped)
4- channels error probabilities (flipped)
5- number of MontCarlo simulations
