127 126 125 124 123 122 121 120 119 118 117 116 115 114 113 111 110 109 108 107 106 105 103 102 101 99 95 94 93 92 91 90 89 87 86 85 79 78 63 62 61 59 55 47 31 83 77 58 75 60 57 71 54 51 45 53 104 100 46 97 112 98 88 43 76 84 82 81 39 74 30 29 73 56 70 27 52 69 50 49 44 42 67 23 41 96 38 80 28 37 72 26 15 68 35 48 25 66 22 40 65 21 36 19 14 34 24 13 33 20 64 11 7 18 17 12 32 10 9 6 5 16 3 8 4 2 1 0 

127 126 125 124 123 122 121 120 119 118 117 116 115 114 113 111 110 109 108 107 106 105 103 102 101 99 95 94 93 92 91 90 89 87 86 85 79 78 63 62 61 59 55 47 31 83 77 58 75 60 57 54 71 51 45 53 104 100 97 46 112 98 88 43 76 84 39 74 30 82 81 29 73 56 27 70 52 69 50 49 44 42 67 23 41 96 38 80 28 37 72 26 15 68 35 25 48 66 22 40 21 65 36 19 14 34 24 13 33 20 11 64 18 7 17 12 32 10 9 6 5 16 3 8 4 0 1 2 

0.000000000000 0.000000000000 0.000000000000 0.000000000000 0.000000000000 0.000000000000 0.000000000000 0.000000000000 0.000000000000 0.000000000000 0.000000000000 0.000000000000 0.000000000000 0.000000000000 0.000000000000 0.000000018114 0.000000000000 0.000000000000 0.000000000000 0.000000000000 0.000000000000 0.000000000000 0.000000000000 0.000000001811 0.000000000000 0.000000000000 0.000000000000 0.000000001989 0.000000000000 0.000000038373 0.000000017618 0.003695400000 0.000000000000 0.000000000000 0.000000000000 0.000000000000 0.000000000000 0.000000000000 0.000000000000 0.000000111490 0.000000000000 0.000000000000 0.000000000000 0.000001526100 0.000000000000 0.000003739600 0.000005984700 0.008006500000 0.000000000000 0.000000000000 0.000000000000 0.000000713110 0.000000000000 0.000008381000 0.000028645000 0.018079000000 0.000000000000 0.000086010000 0.000178010000 0.044129000000 0.001395600000 0.103570000000 0.209370000000 0.771940000000 0.000000000000 0.000000000000 0.000000000000 0.000000000000 0.000000000000 0.000000000000 0.000000000000 0.000037921000 0.000000000000 0.000000000000 0.000000000429 0.000105800000 0.000000000000 0.000245530000 0.000428710000 0.063891000000 0.000000000000 0.000000016033 0.000000000379 0.000606400000 0.000000332390 0.001150100000 0.002819400000 0.140700000000 0.000008145700 0.007174400000 0.015890000000 0.288680000000 0.061801000000 0.494620000000 0.670130000000 0.978810000000 0.000000000000 0.000014266000 0.000018164000 0.014300000000 0.000104400000 0.031067000000 0.065306000000 0.508910000000 0.002224100000 0.118050000000 0.215440000000 0.756980000000 0.412810000000 0.902410000000 0.951860000000 0.999720000000 0.038301000000 0.412920000000 0.591300000000 0.962210000000 0.772700000000 0.991570000000 0.996180000000 1.000000000000 0.892910000000 0.998710000000 0.999430000000 1.000000000000 0.999740000000 1.000000000000 1.000000000000 1.000000000000 

0.000000000000 0.000000000000 0.000000000000 0.000000000000 0.000000000000 0.000000000000 0.000000000000 0.000000000000 0.000000000000 0.000000000000 0.000000000000 0.000000000000 0.000000000000 0.000000000000 0.000000000000 0.000000007726 0.000000000000 0.000000000000 0.000000000000 0.000000000000 0.000000000000 0.000000000000 0.000000000000 0.000000000574 0.000000000000 0.000000000000 0.000000000000 0.000000000583 0.000000000000 0.000000016444 0.000000005950 0.007506200000 0.000000000000 0.000000000000 0.000000000000 0.000000000000 0.000000000000 0.000000000000 0.000000000000 0.000000055634 0.000000000000 0.000000000000 0.000000000000 0.000001382200 0.000000000000 0.000022633000 0.000024283000 0.016434000000 0.000000000000 0.000000000000 0.000000000000 0.000000367950 0.000000000000 0.000020230000 0.000048186000 0.035716000000 0.000000000000 0.000207300000 0.000429460000 0.084677000000 0.002881700000 0.179780000000 0.327730000000 0.889460000000 0.000000000000 0.000000000000 0.000000000000 0.000000000000 0.000000000000 0.000000000000 0.000000000000 0.000089938000 0.000000000000 0.000000000000 0.000000000136 0.000232310000 0.000000000000 0.000564270000 0.000835010000 0.119120000000 0.000000000000 0.000000006242 0.000000000115 0.001262800000 0.000000244190 0.002178700000 0.005650600000 0.241380000000 0.000019329000 0.013389000000 0.028899000000 0.434180000000 0.104330000000 0.651980000000 0.805510000000 0.978870000000 0.000000000000 0.000021382000 0.000046721000 0.027012000000 0.000144930000 0.056751000000 0.110850000000 0.672270000000 0.004373800000 0.191020000000 0.325460000000 0.864030000000 0.559440000000 0.946560000000 0.969990000000 0.984320000000 0.066907000000 0.566220000000 0.736820000000 0.972910000000 0.879600000000 0.982430000000 0.983590000000 0.984370000000 0.951210000000 0.984160000000 0.984300000000 0.984370000000 0.984330000000 0.984380000000 0.984380000000 0.984380000000 

N_obs: 40000

File Format:
1- most to least reliable channels (taken entropies)
2- most to least reliable channels (taken error probabilities)
3- channels entropies (flipped)
4- channels error probabilities (flipped)
5- number of MontCarlo simulations
