127 126 125 124 123 122 121 119 118 117 115 111 110 109 107 103 95 94 93 91 87 79 63 62 61 120 108 59 113 106 116 114 105 101 55 102 99 92 89 86 90 47 85 83 78 77 60 75 112 58 57 104 54 100 53 98 31 88 97 71 84 51 82 46 81 45 76 74 56 43 73 52 30 70 96 50 39 29 69 44 49 80 27 67 42 72 41 23 38 28 68 48 37 15 26 66 35 25 65 40 22 21 36 19 14 13 34 11 24 33 64 7 20 18 17 12 10 32 9 6 5 3 16 8 4 2 1 0 

127 126 125 124 123 122 121 119 118 117 115 111 110 109 107 103 95 94 93 91 87 79 63 62 61 120 108 113 59 106 116 114 105 101 55 102 99 92 89 86 90 47 85 83 78 77 75 60 112 58 104 57 100 54 53 98 31 88 71 97 84 51 82 46 81 45 76 74 43 56 73 52 30 70 50 96 39 29 69 49 44 80 27 67 42 72 41 23 38 28 68 48 37 15 26 66 35 25 40 65 22 21 36 19 14 13 34 24 11 33 64 7 20 18 17 12 6 32 8 0 1 2 4 16 5 3 10 9 

0.000000000000 0.000000000000 0.000000000000 0.000000000000 0.000000000000 0.000000000000 0.000000000000 0.000000000000 0.000000000000 0.000000000000 0.000000000000 0.000000000000 0.000000000000 0.000000000000 0.000000000000 0.000015101000 0.000000000000 0.000000000000 0.000000000000 0.000000000000 0.000000000000 0.000000000000 0.000000000000 0.000053262000 0.000000000000 0.000000000000 0.000000000000 0.000102700000 0.000000000000 0.000218000000 0.000504390000 0.073315000000 0.000000000000 0.000000000000 0.000000000000 0.000000000003 0.000000000000 0.000000000586 0.000000000004 0.000406560000 0.000000000000 0.000000000008 0.000000015728 0.000822600000 0.000000025884 0.001538100000 0.003717600000 0.170920000000 0.000000000000 0.000000071565 0.000001595000 0.005521800000 0.000010692000 0.011874000000 0.027106000000 0.368280000000 0.000524250000 0.060353000000 0.123230000000 0.638430000000 0.298660000000 0.838840000000 0.920530000000 0.999270000000 0.000000000000 0.000000000000 0.000000000000 0.000009253100 0.000000000000 0.000016789000 0.000027109000 0.017069000000 0.000000000000 0.000058798000 0.000150000000 0.037245000000 0.000885670000 0.081183000000 0.160730000000 0.699900000000 0.000000005612 0.002014100000 0.004148500000 0.160350000000 0.018519000000 0.299160000000 0.460830000000 0.921850000000 0.099502000000 0.588260000000 0.744280000000 0.987850000000 0.867890000000 0.997630000000 0.998920000000 1.000000000000 0.000326120000 0.053113000000 0.108130000000 0.608630000000 0.262690000000 0.806520000000 0.897530000000 0.998520000000 0.524630000000 0.947170000000 0.976010000000 0.999950000000 0.989140000000 0.999990000000 1.000000000000 1.000000000000 0.757630000000 0.991630000000 0.996440000000 1.000000000000 0.998420000000 1.000000000000 1.000000000000 1.000000000000 0.999280000000 1.000000000000 1.000000000000 1.000000000000 1.000000000000 1.000000000000 1.000000000000 1.000000000000 

0.000000000000 0.000000000000 0.000000000000 0.000000000000 0.000000000000 0.000000000000 0.000000000000 0.000000000000 0.000000000000 0.000000000000 0.000000000000 0.000000000000 0.000000000000 0.000000000000 0.000000000000 0.000015685000 0.000000000000 0.000000000000 0.000000000000 0.000000000000 0.000000000000 0.000000000000 0.000000000000 0.000096308000 0.000000000000 0.000000000000 0.000000000000 0.000139510000 0.000000000000 0.000465630000 0.001208700000 0.142910000000 0.000000000000 0.000000000000 0.000000000000 0.000000000001 0.000000000000 0.000000000188 0.000000000001 0.000952870000 0.000000000000 0.000000000002 0.000000006936 0.001616600000 0.000000010841 0.003066500000 0.007289900000 0.294610000000 0.000000000000 0.000000032478 0.000001588800 0.010804000000 0.000010373000 0.022754000000 0.049367000000 0.538970000000 0.001088500000 0.106680000000 0.200630000000 0.783000000000 0.434690000000 0.916530000000 0.959880000000 0.984250000000 0.000000000000 0.000000000000 0.000000000000 0.000013508000 0.000000000000 0.000017750000 0.000098776000 0.033908000000 0.000000000000 0.000139830000 0.000323210000 0.068770000000 0.001809600000 0.139770000000 0.254500000000 0.832830000000 0.000000001785 0.004077000000 0.007787300000 0.258600000000 0.033064000000 0.436780000000 0.610240000000 0.956870000000 0.162500000000 0.730920000000 0.854380000000 0.981290000000 0.934930000000 0.983940000000 0.984200000000 0.984370000000 0.000561380000 0.093623000000 0.175080000000 0.753920000000 0.385980000000 0.893260000000 0.946640000000 0.984030000000 0.684830000000 0.967890000000 0.978580000000 0.984360000000 0.981990000000 0.984370000000 0.984370000000 0.984380000000 0.881280000000 0.982670000000 0.983740000000 0.984370000000 0.984110000000 0.984380000000 0.984380000000 0.984370000000 0.984270000000 0.984370000000 0.984380000000 0.984380000000 0.984380000000 0.984380000000 0.984380000000 0.984380000000 

N_obs: 40000

File Format:
1- most to least reliable channels (taken entropies)
2- most to least reliable channels (taken error probabilities)
3- channels entropies (flipped)
4- channels error probabilities (flipped)
5- number of MontCarlo simulations
