127 126 125 124 123 122 121 120 119 118 117 116 115 114 113 111 110 109 108 107 106 105 103 102 99 95 94 93 91 87 79 63 62 61 59 55 47 101 90 86 89 92 83 85 77 78 60 58 57 75 31 54 53 51 104 112 71 100 45 46 98 88 43 97 84 82 81 76 74 39 73 30 56 29 52 70 50 69 27 49 44 96 42 67 80 41 23 38 72 28 37 68 26 48 15 35 66 25 40 22 65 21 36 14 19 34 24 13 33 64 11 20 7 18 17 12 32 10 9 6 5 3 16 8 4 2 1 0 

127 126 125 124 123 122 121 120 119 118 117 116 115 114 113 111 110 109 108 107 106 105 103 102 99 95 94 93 91 87 79 63 62 61 59 55 47 101 90 86 89 92 83 85 77 78 60 58 57 75 31 54 53 51 104 112 71 100 45 46 88 43 98 97 84 82 81 76 74 39 30 73 56 29 52 70 50 69 27 49 44 96 42 67 41 80 23 38 72 28 37 68 26 48 15 35 25 66 40 22 65 21 36 14 19 34 24 13 33 64 11 20 7 18 17 12 32 10 9 6 5 3 16 8 1 2 0 4 

0.000000000000 0.000000000000 0.000000000000 0.000000000000 0.000000000000 0.000000000000 0.000000000000 0.000000000000 0.000000000000 0.000000000000 0.000000000000 0.000000000000 0.000000000000 0.000000000000 0.000000000000 0.000000100100 0.000000000000 0.000000000000 0.000000000000 0.000000000000 0.000000000000 0.000000000000 0.000000000000 0.000000066278 0.000000000000 0.000000000000 0.000000000000 0.000001901400 0.000000000000 0.000006653200 0.000011183000 0.011517000000 0.000000000000 0.000000000000 0.000000000000 0.000000000000 0.000000000000 0.000000000000 0.000000000000 0.000007264200 0.000000000000 0.000000000000 0.000000000000 0.000019979000 0.000000000000 0.000030241000 0.000044764000 0.025967000000 0.000000000000 0.000000000000 0.000000000000 0.000097540000 0.000000000023 0.000151050000 0.000408220000 0.060353000000 0.000000167370 0.001280900000 0.002856500000 0.140200000000 0.014958000000 0.287640000000 0.469920000000 0.931120000000 0.000000000000 0.000000000000 0.000000000000 0.000000000000 0.000000000000 0.000000000001 0.000000000012 0.000506870000 0.000000000000 0.000000000214 0.000000002082 0.001078400000 0.000000009085 0.002193100000 0.004970700000 0.184050000000 0.000000000000 0.000005445300 0.000002797700 0.006300700000 0.000009855500 0.012795000000 0.028693000000 0.372170000000 0.000401550000 0.058726000000 0.117110000000 0.622600000000 0.278080000000 0.818820000000 0.906980000000 0.998880000000 0.000000000038 0.000461600000 0.000926280000 0.082377000000 0.004715000000 0.166670000000 0.290490000000 0.828910000000 0.039332000000 0.407360000000 0.580770000000 0.958740000000 0.760160000000 0.990060000000 0.995420000000 1.000000000000 0.208740000000 0.758200000000 0.871590000000 0.997650000000 0.940860000000 0.999650000000 0.999830000000 1.000000000000 0.974090000000 0.999950000000 0.999980000000 1.000000000000 0.999990000000 1.000000000000 1.000000000000 1.000000000000 

0.000000000000 0.000000000000 0.000000000000 0.000000000000 0.000000000000 0.000000000000 0.000000000000 0.000000000000 0.000000000000 0.000000000000 0.000000000000 0.000000000000 0.000000000000 0.000000000000 0.000000000000 0.000000049210 0.000000000000 0.000000000000 0.000000000000 0.000000000000 0.000000000000 0.000000000000 0.000000000000 0.000000027459 0.000000000000 0.000000000000 0.000000000000 0.000002020600 0.000000000000 0.000014829000 0.000016257000 0.023201000000 0.000000000000 0.000000000000 0.000000000000 0.000000000000 0.000000000000 0.000000000000 0.000000000000 0.000013271000 0.000000000000 0.000000000000 0.000000000000 0.000044252000 0.000000000000 0.000081876000 0.000124120000 0.052544000000 0.000000000000 0.000000000000 0.000000000000 0.000197510000 0.000000000006 0.000311800000 0.000866210000 0.114060000000 0.000000107440 0.002745500000 0.005562200000 0.239320000000 0.027941000000 0.432650000000 0.633630000000 0.964210000000 0.000000000000 0.000000000000 0.000000000000 0.000000000000 0.000000000000 0.000000000000 0.000000000003 0.000945670000 0.000000000000 0.000000000058 0.000000000718 0.002211100000 0.000000003338 0.004477700000 0.010087000000 0.306800000000 0.000000000000 0.000008203400 0.000002127300 0.012921000000 0.000014267000 0.024125000000 0.051844000000 0.535410000000 0.000813000000 0.101010000000 0.189080000000 0.766460000000 0.403940000000 0.903320000000 0.952540000000 0.984210000000 0.000000000009 0.000834060000 0.001755000000 0.142640000000 0.009064300000 0.263490000000 0.422130000000 0.908150000000 0.067620000000 0.555260000000 0.723490000000 0.971050000000 0.870740000000 0.982040000000 0.983480000000 0.984370000000 0.321440000000 0.865650000000 0.935530000000 0.983880000000 0.967870000000 0.984310000000 0.984360000000 0.984370000000 0.978910000000 0.984370000000 0.984370000000 0.984380000000 0.984370000000 0.984370000000 0.984370000000 0.984380000000 

N_obs: 40000

File Format:
1- most to least reliable channels (taken entropies)
2- most to least reliable channels (taken error probabilities)
3- channels entropies (flipped)
4- channels error probabilities (flipped)
5- number of MontCarlo simulations
