127 126 125 124 123 122 121 119 118 117 115 111 109 107 103 95 63 94 110 91 93 87 120 116 113 114 105 108 79 106 102 61 101 62 59 92 90 99 89 86 85 55 112 83 104 78 60 100 77 58 47 98 88 57 97 75 84 54 53 82 31 71 81 76 51 46 56 74 96 45 73 52 43 30 70 80 50 39 29 69 49 44 27 67 72 23 42 15 41 38 28 68 37 48 35 66 26 65 25 22 21 19 14 40 13 11 7 36 34 33 24 64 20 18 17 12 10 9 6 5 3 32 16 8 4 2 1 0 

127 126 125 124 123 122 121 119 118 117 115 111 109 107 103 95 63 94 110 91 93 87 120 116 113 105 114 108 79 102 61 101 106 62 92 59 90 99 89 86 85 55 112 83 104 78 60 100 77 58 47 98 88 57 97 75 84 54 53 82 31 71 81 76 51 46 56 74 45 96 73 52 43 30 70 80 50 39 29 69 49 44 67 27 72 23 42 15 41 38 28 68 37 48 35 26 66 25 65 22 14 13 21 11 36 7 20 17 12 9 3 32 16 8 4 2 1 0 5 10 6 18 64 24 33 19 34 40 

0.000000000000 0.000000000000 0.000000000000 0.000000000000 0.000000000000 0.000000000000 0.000000000000 0.000000000140 0.000000000000 0.000000000000 0.000000000000 0.000000001688 0.000000000000 0.000000040158 0.000000003812 0.001768500000 0.000000000000 0.000000000000 0.000000000000 0.000000091101 0.000000000000 0.000003730700 0.000000045575 0.003932900000 0.000000000000 0.000004404100 0.000004905100 0.008917400000 0.000073958000 0.021862000000 0.051351000000 0.485430000000 0.000000000000 0.000000000000 0.000000000000 0.000025758000 0.000000000000 0.000040662000 0.000115940000 0.031284000000 0.000000000003 0.000241170000 0.000612540000 0.069757000000 0.003300100000 0.149260000000 0.271910000000 0.819630000000 0.000001622400 0.006909000000 0.015139000000 0.282260000000 0.058024000000 0.479050000000 0.651380000000 0.974890000000 0.222140000000 0.770830000000 0.878680000000 0.997950000000 0.944340000000 0.999700000000 0.999860000000 1.000000000000 0.000000000000 0.000005504500 0.000004684600 0.007360800000 0.000024443000 0.016023000000 0.035963000000 0.408710000000 0.000792400000 0.073034000000 0.141990000000 0.666590000000 0.315710000000 0.847360000000 0.921510000000 0.999210000000 0.021164000000 0.321780000000 0.491360000000 0.933420000000 0.697020000000 0.982790000000 0.992200000000 1.000000000000 0.849940000000 0.997060000000 0.998720000000 1.000000000000 0.999390000000 1.000000000000 1.000000000000 1.000000000000 0.192870000000 0.748880000000 0.870190000000 0.997780000000 0.943010000000 0.999700000000 0.999870000000 1.000000000000 0.975940000000 0.999960000000 0.999980000000 1.000000000000 0.999990000000 1.000000000000 1.000000000000 1.000000000000 0.989380000000 0.999990000000 1.000000000000 1.000000000000 1.000000000000 1.000000000000 1.000000000000 1.000000000000 1.000000000000 1.000000000000 1.000000000000 1.000000000000 1.000000000000 1.000000000000 1.000000000000 1.000000000000 

0.000000000000 0.000000000000 0.000000000000 0.000000000000 0.000000000000 0.000000000000 0.000000000000 0.000000000038 0.000000000000 0.000000000000 0.000000000000 0.000000000572 0.000000000000 0.000000019763 0.000000001293 0.003520600000 0.000000000000 0.000000000000 0.000000000000 0.000000048765 0.000000000000 0.000006316900 0.000000017270 0.007805500000 0.000000000000 0.000004963300 0.000005019000 0.017376000000 0.000160050000 0.043147000000 0.092245000000 0.672010000000 0.000000000000 0.000000000000 0.000000000000 0.000029160000 0.000000000000 0.000065468000 0.000309080000 0.060244000000 0.000000000001 0.000487720000 0.001223800000 0.123880000000 0.006314700000 0.243710000000 0.403630000000 0.909780000000 0.000001154200 0.013044000000 0.027935000000 0.422720000000 0.099589000000 0.632390000000 0.787400000000 0.977330000000 0.338680000000 0.873950000000 0.939000000000 0.984000000000 0.969470000000 0.984330000000 0.984350000000 0.984380000000 0.000000000000 0.000019716000 0.000004982400 0.013763000000 0.000065171000 0.030435000000 0.064649000000 0.575460000000 0.001386200000 0.125020000000 0.224120000000 0.799610000000 0.450370000000 0.918690000000 0.958080000000 0.984230000000 0.037820000000 0.463900000000 0.640390000000 0.961730000000 0.827870000000 0.980060000000 0.982710000000 0.984380000000 0.929530000000 0.983830000000 0.984160000000 0.984370000000 0.984270000000 0.984380000000 0.984380000000 0.984380000000 0.302840000000 0.865100000000 0.936620000000 0.983920000000 0.969590000000 0.984330000000 0.984350000000 0.984380000000 0.979860000000 0.984370000000 0.984370000000 0.984370000000 0.984380000000 0.984380000000 0.984370000000 0.984380000000 0.982580000000 0.984370000000 0.984370000000 0.984370000000 0.984370000000 0.984380000000 0.984370000000 0.984380000000 0.984370000000 0.984380000000 0.984380000000 0.984380000000 0.984370000000 0.984380000000 0.984380000000 0.984380000000 

N_obs: 40000

File Format:
1- most to least reliable channels (taken entropies)
2- most to least reliable channels (taken error probabilities)
3- channels entropies (flipped)
4- channels error probabilities (flipped)
5- number of MontCarlo simulations
