127 126 125 124 123 122 121 120 119 118 117 116 115 114 113 111 110 109 108 107 106 105 103 102 101 99 95 94 93 92 91 90 89 87 86 85 83 79 78 77 75 63 62 61 59 58 55 47 31 60 53 57 54 71 51 46 45 43 112 104 100 39 98 30 88 29 82 84 97 74 76 73 27 81 52 56 69 70 50 49 23 44 67 42 41 38 96 37 28 80 15 26 72 35 25 68 22 48 66 21 40 65 36 19 14 34 24 13 33 20 11 64 18 7 17 12 32 10 9 6 16 5 3 8 4 2 1 0 

127 126 125 124 123 122 121 120 119 118 117 116 115 114 113 111 110 109 108 107 106 105 103 102 101 99 95 94 93 92 91 90 89 87 86 85 83 79 78 77 75 63 62 61 59 58 55 47 31 60 53 57 54 71 51 46 45 43 112 104 100 39 98 30 88 29 82 84 97 74 76 73 27 81 52 56 69 50 70 23 49 67 44 42 41 38 96 37 28 80 15 26 72 35 25 68 22 48 66 21 40 65 36 19 14 34 24 13 33 20 11 64 18 7 17 12 32 10 9 6 16 5 3 8 4 1 0 2 

0.000000000000 0.000000000000 0.000000000000 0.000000000000 0.000000000000 0.000000000000 0.000000000000 0.000000000000 0.000000000000 0.000000000000 0.000000000000 0.000000000000 0.000000000000 0.000000000000 0.000000000000 0.000000000003 0.000000000000 0.000000000000 0.000000000000 0.000000000000 0.000000000000 0.000000000000 0.000000000000 0.000000000005 0.000000000000 0.000000000000 0.000000000000 0.000000000017 0.000000000000 0.000000000094 0.000000036196 0.000962200000 0.000000000000 0.000000000000 0.000000000000 0.000000000000 0.000000000000 0.000000000000 0.000000000000 0.000000000730 0.000000000000 0.000000000000 0.000000000000 0.000000013642 0.000000000000 0.000000007469 0.000000897760 0.002079000000 0.000000000000 0.000000000000 0.000000000000 0.000000278930 0.000000000000 0.000000069590 0.000000625880 0.004790900000 0.000000000000 0.000007806500 0.000006844300 0.011011000000 0.000050816000 0.027201000000 0.064938000000 0.530380000000 0.000000000000 0.000000000000 0.000000000000 0.000000000000 0.000000000000 0.000000000000 0.000000000000 0.000004627800 0.000000000000 0.000000000000 0.000000000000 0.000002542300 0.000000000000 0.000013076000 0.000027755000 0.018131000000 0.000000000000 0.000000000000 0.000000000000 0.000043380000 0.000000000000 0.000097765000 0.000165650000 0.040582000000 0.000000000073 0.000487990000 0.001072100000 0.090040000000 0.005974700000 0.189080000000 0.333280000000 0.864820000000 0.000000000000 0.000000000553 0.000000002088 0.001499500000 0.000000827860 0.003144200000 0.007022700000 0.207740000000 0.000031747000 0.016373000000 0.034929000000 0.394920000000 0.110410000000 0.609770000000 0.763330000000 0.989900000000 0.002453100000 0.123950000000 0.227410000000 0.772470000000 0.435080000000 0.912020000000 0.958050000000 0.999800000000 0.680310000000 0.981520000000 0.992060000000 1.000000000000 0.996420000000 1.000000000000 1.000000000000 1.000000000000 

0.000000000000 0.000000000000 0.000000000000 0.000000000000 0.000000000000 0.000000000000 0.000000000000 0.000000000000 0.000000000000 0.000000000000 0.000000000000 0.000000000000 0.000000000000 0.000000000000 0.000000000000 0.000000000001 0.000000000000 0.000000000000 0.000000000000 0.000000000000 0.000000000000 0.000000000000 0.000000000000 0.000000000001 0.000000000000 0.000000000000 0.000000000000 0.000000000004 0.000000000000 0.000000000024 0.000000017865 0.002019000000 0.000000000000 0.000000000000 0.000000000000 0.000000000000 0.000000000000 0.000000000000 0.000000000000 0.000000000230 0.000000000000 0.000000000000 0.000000000000 0.000000005410 0.000000000000 0.000000002726 0.000000735130 0.004296000000 0.000000000000 0.000000000000 0.000000000000 0.000000194770 0.000000000000 0.000000030482 0.000000451450 0.009679900000 0.000000000000 0.000032280000 0.000008332600 0.022238000000 0.000068413000 0.051762000000 0.115400000000 0.717550000000 0.000000000000 0.000000000000 0.000000000000 0.000000000000 0.000000000000 0.000000000000 0.000000000000 0.000006084400 0.000000000000 0.000000000000 0.000000000000 0.000002277400 0.000000000000 0.000021138000 0.000046121000 0.035452000000 0.000000000000 0.000000000000 0.000000000000 0.000119980000 0.000000000000 0.000185830000 0.000340350000 0.077449000000 0.000000000019 0.000928760000 0.002118000000 0.159370000000 0.011484000000 0.300700000000 0.483120000000 0.934340000000 0.000000000000 0.000000000153 0.000000000643 0.002913100000 0.000000550620 0.006438400000 0.013371000000 0.334000000000 0.000043446000 0.030005000000 0.061139000000 0.549720000000 0.177910000000 0.749440000000 0.870220000000 0.982000000000 0.004671000000 0.203470000000 0.340130000000 0.874280000000 0.586460000000 0.951230000000 0.972220000000 0.984350000000 0.821100000000 0.979790000000 0.982840000000 0.984370000000 0.983770000000 0.984380000000 0.984370000000 0.984370000000 

N_obs: 40000

File Format:
1- most to least reliable channels (taken entropies)
2- most to least reliable channels (taken error probabilities)
3- channels entropies (flipped)
4- channels error probabilities (flipped)
5- number of MontCarlo simulations
