31 30 29 28 27 26 25 24 23 22 21 20 19 18 17 15 14 13 12 11 9 7 10 5 3 6 8 16 4 2 1 0 

31 30 29 28 27 26 25 24 23 22 21 20 19 18 17 15 14 13 12 11 9 7 10 5 3 6 8 16 4 1 2 0 

0.000000000000 0.000000000000 0.000000000000 0.000000000000 0.000000000000 0.000000000000 0.000000000000 0.000000000000 0.000000000000 0.000000000000 0.000000000000 0.000000000000 0.000000000000 0.000000000000 0.000000000000 0.000027643000 0.000000000000 0.000000000000 0.000000000000 0.000000000000 0.000000000000 0.000000000000 0.000000000000 0.000009348600 0.000000000000 0.000000000000 0.000000000000 0.000100110000 0.000000000000 0.000123300000 0.000391110000 0.080811000000 

0.000000000000 0.000000000000 0.000000000000 0.000000000000 0.000000000000 0.000000000000 0.000000000000 0.000000000000 0.000000000000 0.000000000000 0.000000000000 0.000000000000 0.000000000000 0.000000000000 0.000000000000 0.000040432000 0.000000000000 0.000000000000 0.000000000000 0.000000000000 0.000000000000 0.000000000000 0.000000000000 0.000007390900 0.000000000000 0.000000000000 0.000000000000 0.000127660000 0.000000000000 0.001330700000 0.001165600000 0.198880000000 

N_obs: 2000

File Format:
1- most to least reliable channels (taken entropies)
2- most to least reliable channels (taken error probabilities)
3- channels entropies (flipped)
4- channels error probabilities (flipped)
5- number of MontCarlo simulations
