204 102 16
3 6
3 3 3 3 3 3 3 3 3 3 3 3 3 3 3 3 3 3 3 3 3 3 3 3 3 3 3 3 3 3 3 3 3 3 3 3 3 3 3 3 3 3 3 3 3 3 3 3 3 3 3 3 3 3 3 3 3 3 3 3 3 3 3 3 3 3 3 3 3 3 3 3 3 3 3 3 3 3 3 3 3 3 3 3 3 3 3 3 3 3 3 3 3 3 3 3 3 3 3 3 3 3 3 3 3 3 3 3 3 3 3 3 3 3 3 3 3 3 3 3 3 3 3 3 3 3 3 3 3 3 3 3 3 3 3 3 3 3 3 3 3 3 3 3 3 3 3 3 3 3 3 3 3 3 3 3 3 3 3 3 3 3 3 3 3 3 3 3 3 3 3 3 3 3 3 3 3 3 3 3 3 3 3 3 3 3 3 3 3 3 3 3 3 3 3 3 3 3 3 3 3 3 3 3 
6 6 6 6 6 6 6 6 6 6 6 6 6 6 6 6 6 6 6 6 6 6 6 6 6 6 6 6 6 6 6 6 6 6 6 6 6 6 6 6 6 6 6 6 6 6 6 6 6 6 6 6 6 6 6 6 6 6 6 6 6 6 6 6 6 6 6 6 6 6 6 6 6 6 6 6 6 6 6 6 6 6 6 6 6 6 6 6 6 6 6 6 6 6 6 6 6 6 6 6 6 6 
73 6 84 13 81 13 
63 9 45 8 26 10 
17 6 77 4 55 2 
74 5 47 4 24 10 
9 13 10 3 52 1 
62 8 63 12 44 2 
38 10 39 13 35 15 
60 1 4 8 100 1 
82 1 98 4 63 3 
40 3 80 2 68 12 
91 13 81 10 18 4 
86 15 88 11 99 5 
77 2 71 12 65 9 
29 10 9 4 33 1 
15 15 41 9 34 15 
75 9 11 5 22 3 
48 1 24 5 95 13 
22 12 44 2 60 13 
5 14 19 13 41 8 
31 7 22 5 43 14 
21 2 18 2 56 14 
83 7 51 4 49 13 
79 8 7 1 88 3 
36 1 67 1 5 12 
84 1 75 7 32 1 
1 5 79 3 38 6 
43 4 82 6 75 8 
2 11 1 9 23 12 
33 12 61 12 83 7 
69 4 3 5 30 8 
28 1 5 12 77 3 
8 4 56 9 4 5 
53 1 76 11 36 11 
96 9 28 1 102 15 
44 9 17 7 48 11 
92 13 26 2 74 6 
56 13 69 14 11 3 
18 14 68 9 50 14 
72 12 34 14 37 3 
25 11 37 2 76 7 
23 8 30 4 21 2 
7 11 29 5 40 13 
71 15 78 8 39 2 
13 12 2 14 96 12 
55 15 33 1 51 12 
49 4 64 5 16 7 
37 6 66 2 54 1 
50 15 36 13 89 15 
45 14 15 10 57 3 
88 4 35 8 15 10 
57 14 102 4 78 6 
98 12 27 7 71 15 
27 2 52 13 94 14 
68 7 20 11 87 15 
89 14 38 14 8 8 
24 3 94 14 53 10 
11 2 50 11 19 2 
14 3 83 2 98 5 
76 7 55 11 2 11 
41 9 70 2 62 1 
78 4 86 7 14 10 
3 2 21 2 59 14 
64 12 23 4 46 13 
47 14 43 9 45 11 
95 15 31 8 1 11 
85 6 59 9 84 7 
94 2 54 9 101 5 
93 12 6 12 31 4 
59 1 95 11 61 11 
58 9 73 11 47 8 
54 5 87 4 7 10 
52 13 97 4 79 2 
12 2 90 3 28 14 
30 10 99 14 97 8 
42 10 100 15 73 12 
101 14 62 2 20 6 
80 13 96 12 85 13 
100 5 58 8 91 11 
19 11 16 6 6 4 
99 9 49 11 72 6 
70 11 92 8 17 8 
90 14 93 13 69 3 
10 7 40 8 25 4 
39 1 72 6 82 8 
67 8 74 7 12 3 
4 1 65 13 27 6 
20 14 85 2 90 13 
102 5 13 11 92 1 
46 15 8 11 9 3 
35 13 46 12 10 5 
97 8 53 9 93 3 
66 15 48 5 42 9 
87 4 89 2 64 15 
26 4 25 9 58 15 
6 15 57 4 67 12 
65 8 12 12 3 8 
61 13 91 5 66 12 
81 5 101 13 29 8 
51 3 60 14 86 13 
16 4 14 13 80 9 
34 12 32 10 70 11 
32 11 42 10 13 1 
72 13 17 12 45 10 
52 9 14 1 22 3 
49 10 53 8 2 3 
95 10 76 2 60 9 
39 5 57 12 26 2 
32 10 60 2 48 12 
2 10 78 15 8 3 
92 4 3 11 54 2 
71 9 55 9 42 6 
23 9 5 3 62 6 
35 10 99 9 50 2 
37 13 31 3 18 5 
24 6 84 1 12 9 
14 11 97 2 56 12 
94 5 40 2 44 14 
22 4 74 15 63 13 
63 13 49 7 28 4 
42 13 96 2 78 8 
101 12 27 14 85 13 
55 2 75 7 99 15 
40 14 9 15 67 13 
61 12 28 11 97 15 
76 4 101 4 16 1 
88 11 95 10 33 1 
5 11 33 2 37 6 
68 8 61 14 27 5 
65 6 52 10 38 11 
20 4 42 15 15 2 
60 11 23 13 84 5 
67 12 73 5 52 1 
25 5 66 11 53 12 
51 7 77 8 21 9 
81 8 62 12 1 10 
66 2 21 9 96 7 
75 3 56 11 83 15 
8 10 13 4 19 2 
30 2 19 14 51 6 
102 2 90 3 58 1 
97 15 11 7 68 6 
89 15 15 10 98 15 
44 8 20 3 35 7 
74 3 35 3 5 6 
26 5 72 2 59 15 
10 12 88 14 94 6 
46 1 69 8 100 1 
16 9 54 3 77 10 
91 2 6 15 74 7 
13 13 64 1 101 4 
47 14 32 15 40 4 
50 7 24 13 90 5 
38 11 48 4 46 8 
86 6 85 5 47 14 
6 13 51 1 34 12 
7 14 68 13 36 14 
56 14 7 14 31 6 
69 15 92 4 61 6 
48 6 39 11 43 9 
31 8 71 10 64 6 
33 1 8 14 93 11 
79 11 4 10 17 5 
98 4 37 6 95 9 
77 2 87 2 25 11 
19 9 67 6 49 1 
87 13 2 13 69 4 
1 3 22 7 10 7 
64 9 29 15 88 13 
70 4 91 11 65 3 
84 9 25 1 102 2 
99 13 45 6 66 2 
58 10 18 11 57 3 
4 13 1 9 70 5 
12 14 30 12 72 1 
82 7 89 11 32 6 
15 15 47 14 55 4 
18 1 59 15 24 8 
21 1 81 2 13 4 
54 5 100 8 29 4 
57 10 50 15 4 10 
90 11 94 12 23 5 
34 9 10 10 79 15 
93 15 44 12 89 12 
73 9 102 8 41 3 
80 8 26 2 82 9 
11 12 65 8 92 4 
45 11 41 7 87 8 
28 15 83 5 71 5 
85 12 34 15 39 9 
9 10 82 7 14 13 
3 6 36 12 20 1 
83 9 86 10 76 10 
29 8 70 12 80 3 
43 6 12 13 9 7 
78 2 63 11 73 7 
27 13 46 10 30 11 
59 10 16 11 86 8 
62 13 58 13 6 3 
41 7 98 12 91 10 
96 3 93 11 11 8 
53 2 43 8 81 3 
36 11 79 15 75 15 
17 8 38 15 3 11 
100 5 80 12 7 15 
26 5 167 3 28 9 173 9 65 11 135 10 
28 11 109 10 44 14 166 13 59 11 105 3 
62 2 191 6 30 5 110 11 96 8 203 11 
86 1 173 13 8 8 162 10 32 5 180 10 
19 14 127 11 31 12 112 3 24 12 144 6 
95 15 155 13 68 12 149 15 79 4 198 3 
42 11 156 14 23 1 157 14 71 10 204 15 
32 4 138 10 89 11 161 14 55 8 109 3 
5 13 190 10 14 4 123 15 89 3 194 7 
83 7 146 12 5 3 182 10 90 5 167 7 
57 2 186 12 16 5 141 7 37 3 200 8 
73 2 174 14 96 12 194 13 85 3 115 9 
44 12 150 13 88 11 138 4 102 1 178 4 
58 3 116 11 100 13 104 1 61 10 190 13 
15 15 176 15 49 10 142 10 50 10 130 2 
100 4 148 9 79 6 197 11 46 7 125 1 
3 6 203 8 35 7 103 12 81 8 162 5 
38 14 177 1 21 2 172 11 11 4 114 5 
79 11 165 9 19 13 139 14 57 2 138 2 
87 14 130 4 54 11 143 3 76 6 191 1 
21 2 178 1 62 2 136 9 41 2 134 9 
18 12 118 4 20 5 167 7 16 3 104 3 
41 8 112 9 63 4 131 13 28 12 181 5 
56 3 115 6 17 5 152 13 4 10 177 8 
40 11 133 5 94 9 170 1 83 4 164 11 
94 4 145 5 36 2 185 2 2 10 107 2 
53 2 196 13 52 7 121 14 86 6 128 5 
31 1 188 15 34 1 124 11 73 14 119 4 
14 10 193 8 42 5 168 15 98 8 179 4 
74 10 139 2 41 4 174 12 30 8 196 11 
20 7 160 8 65 8 114 3 68 4 157 6 
102 11 108 10 101 10 151 15 25 1 175 6 
29 12 161 1 45 1 127 2 14 1 126 1 
101 12 182 9 39 14 189 15 15 15 155 12 
90 13 113 10 50 8 144 3 7 15 143 7 
24 1 202 11 48 13 191 12 33 11 156 14 
47 6 114 13 40 2 163 6 39 3 127 6 
7 10 153 11 55 14 203 15 26 6 129 11 
84 1 107 5 7 13 159 11 43 2 189 9 
10 3 123 14 83 8 117 2 42 13 151 4 
60 9 199 7 15 9 187 7 19 8 184 3 
75 10 120 13 102 10 130 15 92 9 111 6 
27 4 194 6 64 9 201 8 20 14 159 9 
35 9 143 8 18 2 183 12 6 2 117 14 
49 14 187 11 2 8 171 6 64 11 103 10 
89 15 147 1 90 12 196 10 63 13 153 8 
64 14 151 14 4 4 176 14 70 8 154 14 
17 1 159 6 92 5 153 4 35 11 108 12 
46 4 105 10 80 11 119 7 22 13 165 1 
48 15 152 7 57 11 180 15 38 14 113 2 
99 3 134 7 22 4 155 1 45 12 139 6 
72 13 104 9 53 13 129 10 5 1 132 1 
33 1 201 2 91 9 105 8 56 10 133 12 
71 5 179 5 67 9 148 3 47 1 110 2 
45 15 122 2 59 11 111 9 3 2 176 4 
37 13 157 14 32 9 137 11 21 14 116 12 
51 14 180 10 95 4 107 12 49 3 172 3 
70 9 172 10 78 8 198 13 94 15 140 1 
69 1 197 10 66 9 177 15 62 14 145 15 
8 1 131 11 99 14 108 2 18 13 106 9 
97 13 124 12 29 12 128 14 69 11 158 6 
6 8 198 13 76 2 135 12 60 1 112 6 
2 9 119 13 6 12 195 11 9 3 118 13 
63 12 168 9 46 5 150 1 93 15 160 6 
96 8 129 6 86 13 186 8 13 9 169 3 
92 15 136 2 47 2 133 11 97 12 171 2 
85 8 132 12 24 1 165 6 95 12 123 13 
54 7 128 8 38 9 156 13 10 12 141 6 
30 4 158 15 37 14 147 8 82 3 166 4 
81 11 169 4 60 2 193 12 101 11 173 5 
43 15 111 9 13 12 160 10 52 15 188 5 
39 12 103 13 84 6 145 2 80 6 174 1 
1 6 184 9 70 11 132 5 75 12 195 7 
4 5 144 3 85 7 118 15 36 6 149 7 
16 9 137 3 25 7 122 7 27 8 202 15 
59 7 125 4 33 11 106 2 40 7 192 10 
13 2 164 2 3 4 134 8 31 3 148 10 
61 4 195 2 43 8 109 15 51 6 120 8 
23 8 162 11 26 3 202 15 72 2 182 15 
77 13 185 8 10 2 204 12 100 9 193 3 
98 5 135 8 11 10 178 2 1 13 201 3 
9 1 175 7 27 6 190 7 84 8 185 9 
22 7 192 9 58 2 188 5 29 7 137 15 
25 1 170 9 1 13 115 1 66 7 131 5 
66 6 189 12 87 2 154 5 77 13 121 13 
12 15 154 6 61 7 192 10 99 13 197 8 
93 4 166 13 71 4 164 2 54 15 187 8 
50 4 126 11 12 11 146 14 23 3 168 13 
55 14 142 15 93 2 175 11 48 15 183 12 
82 14 181 11 73 3 140 3 87 13 152 5 
11 13 149 2 97 5 169 11 78 11 199 10 
36 13 110 4 81 8 158 4 88 1 186 4 
68 12 183 15 82 13 200 11 91 3 161 11 
67 2 117 5 56 14 181 12 53 14 146 6 
65 15 106 10 69 11 126 10 17 13 163 9 
34 9 200 3 77 12 120 2 44 12 136 7 
91 8 141 15 72 4 116 2 74 8 124 15 
52 12 163 4 9 4 199 12 58 5 142 15 
80 9 171 13 74 14 113 9 12 5 122 15 
78 5 204 5 75 15 179 8 8 1 147 1 
76 14 121 12 98 13 125 4 67 5 150 4 
88 5 140 2 51 4 184 8 34 15 170 2 
