0 1 2 4 8 16 3 5 6 9 10 17 12 24 18 20 7 11 14 13 15 19 21 22 23 25 26 27 28 29 30 31 

0 1 2 4 8 16 3 5 6 9 10 17 12 24 20 18 7 11 14 13 15 19 21 22 23 25 26 27 28 29 30 31 

0.847511814163 0.290428473573 0.146992148166 0.002839867277 0.061737358886 0.000327679880 0.000163897611 0.000000000000 0.024266034744 0.000038136212 0.000013437232 0.000000000000 0.000007786842 0.000000000000 0.000000000000 0.000000000000 0.009990230082 0.000009882389 0.000001284269 0.000000000000 0.000001212065 0.000000000000 0.000000000000 0.000000000000 0.000002378740 0.000000000000 0.000000000000 0.000000000000 0.000000000000 0.000000000000 0.000000000000 0.000000000000 

0.946380791674 0.461427105824 0.265789987740 0.006271002310 0.126435273360 0.000807647071 0.000427890678 0.000000000000 0.054207429766 0.000091915443 0.000031352678 0.000000000000 0.000011703998 0.000000000000 0.000000000000 0.000000000000 0.023727282819 0.000027640840 0.000001697331 0.000000000000 0.000002441661 0.000000000000 0.000000000000 0.000000000000 0.000006261212 0.000000000000 0.000000000000 0.000000000000 0.000000000000 0.000000000000 0.000000000000 0.000000000000 

N_obs: 160000

File Format:
1- least to most reliable channels (taken entropies)
2- least to most reliable channels (taken error probabilities)
3- channels entropies
4- channels error probabilities
5- number of MontCarlo simulations