0 1 2 4 8 16 32 3 5 6 9 10 24 17 12 40 18 34 33 20 36 48 7 11 13 14 15 19 21 22 23 25 26 27 28 29 30 31 35 37 38 39 41 42 43 44 45 46 47 49 50 51 52 53 54 55 56 57 58 59 60 61 62 63 

0 1 2 4 8 16 32 3 6 5 9 10 24 17 12 40 18 34 33 20 36 48 7 11 13 14 15 19 21 22 23 25 26 27 28 29 30 31 35 37 38 39 41 42 43 44 45 46 47 49 50 51 52 53 54 55 56 57 58 59 60 61 62 63 

0.746425849649 0.248586877386 0.126970627813 0.003075811256 0.049385879636 0.000291780194 0.000039254816 0.000000000000 0.018559143232 0.000006606993 0.000001577433 0.000000000000 0.000000019218 0.000000000000 0.000000000000 0.000000000000 0.007319349652 0.000000033471 0.000000004465 0.000000000000 0.000000000381 0.000000000000 0.000000000000 0.000000000000 0.000000034672 0.000000000000 0.000000000000 0.000000000000 0.000000000000 0.000000000000 0.000000000000 0.000000000000 0.003319219713 0.000000000504 0.000000000762 0.000000000000 0.000000000020 0.000000000000 0.000000000000 0.000000000000 0.000000014351 0.000000000000 0.000000000000 0.000000000000 0.000000000000 0.000000000000 0.000000000000 0.000000000000 0.000000000001 0.000000000000 0.000000000000 0.000000000000 0.000000000000 0.000000000000 0.000000000000 0.000000000000 0.000000000000 0.000000000000 0.000000000000 0.000000000000 0.000000000000 0.000000000000 0.000000000000 0.000000000000 

0.955974431853 0.486752715815 0.266984368210 0.007934193010 0.112363857209 0.000480989112 0.000992085844 0.000000000000 0.049941877809 0.000004941448 0.000000961155 0.000000000000 0.000000007599 0.000000000000 0.000000000000 0.000000000000 0.019652279862 0.000000013759 0.000000001608 0.000000000000 0.000000000112 0.000000000000 0.000000000000 0.000000000000 0.000000015945 0.000000000000 0.000000000000 0.000000000000 0.000000000000 0.000000000000 0.000000000000 0.000000000000 0.010615458577 0.000000000150 0.000000000258 0.000000000000 0.000000000005 0.000000000000 0.000000000000 0.000000000000 0.000000006120 0.000000000000 0.000000000000 0.000000000000 0.000000000000 0.000000000000 0.000000000000 0.000000000000 0.000000000000 0.000000000000 0.000000000000 0.000000000000 0.000000000000 0.000000000000 0.000000000000 0.000000000000 0.000000000000 0.000000000000 0.000000000000 0.000000000000 0.000000000000 0.000000000000 0.000000000000 0.000000000000 

N_obs: 1000

File Format:
1- least to most reliable channels (taken entropies)
2- least to most reliable channels (taken error probabilities)
3- channels entropies
4- channels error probabilities
5- number of MontCarlo simulations