0 1 2 4 8 16 3 5 6 9 10 32 12 17 18 7 11 20 33 13 24 14 34 19 36 21 40 22 48 25 15 26 28 35 37 23 38 49 41 42 44 50 52 56 27 29 30 31 39 43 45 46 47 51 53 54 55 57 58 59 60 61 62 63 

4 2 0 8 1 5 3 16 6 9 10 32 12 7 17 18 11 20 13 33 24 14 34 19 36 21 40 22 48 25 15 26 35 28 37 23 38 49 41 42 44 50 52 56 27 29 30 31 39 43 45 46 47 51 53 54 55 57 58 59 60 61 62 63 

0.996626592470 0.974974071758 0.970094659305 0.830180014941 0.965216641634 0.812034559729 0.801271096903 0.393862143922 0.957026317087 0.759735438328 0.732200132504 0.281346628082 0.610923951060 0.156924259039 0.090834114987 0.001672328988 0.901831652052 0.555006384277 0.446395666846 0.069707284233 0.279701001927 0.020492970688 0.007974646495 0.000106002012 0.139482124681 0.002293910122 0.001020689630 0.000000000002 0.000734990951 0.000000000001 0.000000000000 0.000000000000 0.690215078008 0.182491369265 0.085570358004 0.000542123134 0.035574496040 0.000285376333 0.000002150805 0.000000000000 0.014335218179 0.000000064860 0.000000032924 0.000000000000 0.000000025174 0.000000000000 0.000000000000 0.000000000000 0.006010099733 0.000000144773 0.000000000457 0.000000000000 0.000000000351 0.000000000000 0.000000000000 0.000000000000 0.000000000003 0.000000000000 0.000000000000 0.000000000000 0.000000000000 0.000000000000 0.000000000000 0.000000000000 

0.996109159605 0.995929472475 0.996112361883 0.995106286635 0.996157002047 0.995118855027 0.992256512783 0.882668878996 0.996027182207 0.987866709861 0.978317427582 0.662525967071 0.907011338815 0.376084151601 0.228581868746 0.006940310908 0.993883278762 0.881014725903 0.743740301530 0.171560252036 0.541994934324 0.054335699096 0.024111007935 0.000274616837 0.310931916844 0.006942905597 0.003294615632 0.000000000000 0.001754285877 0.000000000000 0.000000000000 0.000000000000 0.928318315633 0.360854086030 0.203500550698 0.002014913884 0.089720609912 0.000452402709 0.000001266971 0.000000000000 0.037876706055 0.000000025933 0.000000014318 0.000000000000 0.000000010443 0.000000000000 0.000000000000 0.000000000000 0.016268041855 0.000000074617 0.000000000141 0.000000000000 0.000000000110 0.000000000000 0.000000000000 0.000000000000 0.000000000001 0.000000000000 0.000000000000 0.000000000000 0.000000000000 0.000000000000 0.000000000000 0.000000000000 

N_obs: 1000

File Format:
1- least to most reliable channels (taken entropies)
2- least to most reliable channels (taken error probabilities)
3- channels entropies
4- channels error probabilities
5- number of MontCarlo simulations