0 1 2 4 8 3 16 5 6 9 32 10 12 17 7 18 20 11 33 24 13 34 14 36 40 19 48 22 21 25 26 28 35 38 15 37 41 42 44 50 49 52 56 23 27 29 30 31 39 43 45 46 47 51 53 54 55 57 58 59 60 61 62 63 

1 2 0 4 8 3 5 16 6 9 32 10 12 7 17 18 20 11 33 24 13 34 36 14 19 48 40 22 25 21 26 28 35 38 15 37 41 42 44 50 49 52 56 23 27 29 30 31 39 43 45 46 47 51 53 54 55 57 58 59 60 61 62 63 

0.991307386608 0.936488216698 0.926948122621 0.656660669843 0.907895267921 0.595400481500 0.526079397515 0.115726286808 0.838934116924 0.414804481928 0.290902429179 0.024203382120 0.163549910588 0.006948988290 0.002970193900 0.000000000958 0.615047836553 0.136473607735 0.067553556271 0.000498267487 0.031284197125 0.000039331018 0.000068487985 0.000000000000 0.012190907606 0.000038802482 0.000000122166 0.000000000000 0.000000048867 0.000000000000 0.000000000000 0.000000000000 0.318788300297 0.016165124045 0.005885413718 0.000000008917 0.002652989107 0.000000000037 0.000000001014 0.000000000000 0.000521501477 0.000000000001 0.000000000001 0.000000000000 0.000000000000 0.000000000000 0.000000000000 0.000000000000 0.000463703387 0.000000000000 0.000000000000 0.000000000000 0.000000000000 0.000000000000 0.000000000000 0.000000000000 0.000000000000 0.000000000000 0.000000000000 0.000000000000 0.000000000000 0.000000000000 0.000000000000 0.000000000000 

0.996078469530 0.996296149517 0.996128172894 0.977825518056 0.994738589441 0.943960211804 0.867449701494 0.300561390226 0.983176208927 0.738909381206 0.552591779301 0.072577696810 0.351333043276 0.018909477784 0.006965393472 0.000000000325 0.887686826918 0.291776199372 0.155536685297 0.001901743584 0.074623975147 0.000031199253 0.000074368876 0.000000000000 0.032462552801 0.000055620372 0.000000053730 0.000000000000 0.000000020267 0.000000000000 0.000000000000 0.000000000000 0.600113196440 0.038600850328 0.016180241798 0.000000003257 0.007782796253 0.000000000010 0.000000000328 0.000000000000 0.001036093198 0.000000000000 0.000000000000 0.000000000000 0.000000000000 0.000000000000 0.000000000000 0.000000000000 0.001161558104 0.000000000000 0.000000000000 0.000000000000 0.000000000000 0.000000000000 0.000000000000 0.000000000000 0.000000000000 0.000000000000 0.000000000000 0.000000000000 0.000000000000 0.000000000000 0.000000000000 0.000000000000 

N_obs: 1000

File Format:
1- least to most reliable channels (taken entropies)
2- least to most reliable channels (taken error probabilities)
3- channels entropies
4- channels error probabilities
5- number of MontCarlo simulations