0 1 2 4 8 3 16 5 32 6 9 10 12 17 34 7 33 18 24 20 36 40 48 11 13 14 19 35 15 21 22 23 25 26 27 28 29 30 31 37 38 39 41 42 43 44 45 46 47 49 50 51 52 53 54 55 56 57 58 59 60 61 62 63 

0 1 2 4 8 3 16 5 32 6 9 10 12 17 7 34 33 18 24 20 36 40 48 11 13 14 19 35 15 21 22 23 25 26 27 28 29 30 31 37 38 39 41 42 43 44 45 46 47 49 50 51 52 53 54 55 56 57 58 59 60 61 62 63 

0.940949185336 0.677057443676 0.587453226588 0.131091603868 0.403568959851 0.036396720915 0.014560159520 0.000073796489 0.198510889328 0.005144710626 0.002023557314 0.000000003431 0.000874325326 0.000000000000 0.000000000000 0.000000000000 0.078407746345 0.000419337443 0.000041080511 0.000000000000 0.000004893682 0.000000000000 0.000000000000 0.000000000000 0.000008360708 0.000000000000 0.000000000000 0.000000000000 0.000000000000 0.000000000000 0.000000000000 0.000000000000 0.028736806942 0.000065295883 0.000078406358 0.000000000000 0.000000247076 0.000000000000 0.000000000000 0.000000000000 0.000000010723 0.000000000000 0.000000000000 0.000000000000 0.000000000000 0.000000000000 0.000000000000 0.000000000000 0.000000008318 0.000000000000 0.000000000000 0.000000000000 0.000000000000 0.000000000000 0.000000000000 0.000000000000 0.000000000000 0.000000000000 0.000000000000 0.000000000000 0.000000000000 0.000000000000 0.000000000000 0.000000000000 

0.995742405880 0.949391366150 0.880749050386 0.296999663894 0.687020096556 0.091664706904 0.036364825186 0.000112948317 0.409018541764 0.011588349182 0.003923031042 0.000000001245 0.001987288622 0.000000000000 0.000000000000 0.000000000000 0.192588711195 0.001584850521 0.000033941032 0.000000000000 0.000002953143 0.000000000000 0.000000000000 0.000000000000 0.000006337978 0.000000000000 0.000000000000 0.000000000000 0.000000000000 0.000000000000 0.000000000000 0.000000000000 0.074524458732 0.000098429463 0.000109138680 0.000000000000 0.000000130514 0.000000000000 0.000000000000 0.000000000000 0.000000003708 0.000000000000 0.000000000000 0.000000000000 0.000000000000 0.000000000000 0.000000000000 0.000000000000 0.000000002990 0.000000000000 0.000000000000 0.000000000000 0.000000000000 0.000000000000 0.000000000000 0.000000000000 0.000000000000 0.000000000000 0.000000000000 0.000000000000 0.000000000000 0.000000000000 0.000000000000 0.000000000000 

N_obs: 1000

File Format:
1- least to most reliable channels (taken entropies)
2- least to most reliable channels (taken error probabilities)
3- channels entropies
4- channels error probabilities
5- number of MontCarlo simulations