0 1 2 4 8 3 16 5 6 32 9 10 12 17 7 18 20 33 24 34 48 11 36 40 14 13 19 26 21 25 22 35 28 37 38 15 23 27 29 30 31 39 41 42 43 44 45 46 47 49 50 51 52 53 54 55 56 57 58 59 60 61 62 63 

0 1 2 4 8 3 16 5 6 32 9 10 12 17 7 18 20 11 24 34 33 48 40 36 14 13 19 26 21 25 22 35 28 37 38 15 23 27 29 30 31 39 41 42 43 44 45 46 47 49 50 51 52 53 54 55 56 57 58 59 60 61 62 63 

0.971932449168 0.819662472932 0.784453217941 0.339036738425 0.672921232281 0.182639858859 0.103874157395 0.001959703321 0.431304673443 0.045865807780 0.021762414070 0.000061139460 0.008288842765 0.000000621776 0.000002477872 0.000000000000 0.199979814327 0.004254301579 0.001202115832 0.000000167736 0.000832534441 0.000000000001 0.000000000000 0.000000000000 0.000252283564 0.000000000000 0.000000000025 0.000000000000 0.000000000000 0.000000000000 0.000000000000 0.000000000000 0.078001151719 0.000254502820 0.000139310198 0.000000000000 0.000012862969 0.000000000000 0.000000000000 0.000000000000 0.000010818610 0.000000000000 0.000000000000 0.000000000000 0.000000000000 0.000000000000 0.000000000000 0.000000000000 0.000068406887 0.000000000000 0.000000000000 0.000000000000 0.000000000000 0.000000000000 0.000000000000 0.000000000000 0.000000000000 0.000000000000 0.000000000000 0.000000000000 0.000000000000 0.000000000000 0.000000000000 0.000000000000 

0.996102242461 0.988397080888 0.978018814738 0.704435765798 0.920057230850 0.385912879091 0.232733323325 0.006133019657 0.726582748439 0.112631427126 0.057503472258 0.000981549292 0.023815023374 0.000000371546 0.000001511555 0.000000000000 0.406795858083 0.012076298564 0.003348603789 0.000000090179 0.003257047078 0.000000000000 0.000000000000 0.000000000000 0.000701302466 0.000000000000 0.000000000007 0.000000000000 0.000000000000 0.000000000000 0.000000000000 0.000000000000 0.178099887496 0.000345293778 0.000559224129 0.000000000000 0.000009268360 0.000000000000 0.000000000000 0.000000000000 0.000010183655 0.000000000000 0.000000000000 0.000000000000 0.000000000000 0.000000000000 0.000000000000 0.000000000000 0.000124989198 0.000000000000 0.000000000000 0.000000000000 0.000000000000 0.000000000000 0.000000000000 0.000000000000 0.000000000000 0.000000000000 0.000000000000 0.000000000000 0.000000000000 0.000000000000 0.000000000000 0.000000000000 

N_obs: 1000

File Format:
1- least to most reliable channels (taken entropies)
2- least to most reliable channels (taken error probabilities)
3- channels entropies
4- channels error probabilities
5- number of MontCarlo simulations