0 1 2 4 8 16 32 3 5 6 9 10 12 17 18 20 24 33 34 36 7 11 13 14 19 21 22 40 25 26 35 28 37 15 48 23 38 41 27 42 29 44 30 49 39 50 52 56 45 43 31 46 51 53 54 58 57 60 47 55 59 61 62 63 

17 20 6 9 5 32 8 4 3 16 0 2 12 1 10 18 7 11 13 14 24 33 19 34 21 22 36 25 15 26 40 35 23 28 37 48 38 27 41 42 29 44 30 39 49 50 56 52 45 43 31 46 51 53 54 58 57 60 47 55 59 61 62 63 

0.999249116466 0.994411079273 0.993378266063 0.959424108969 0.992099737771 0.954806347893 0.952689147809 0.753877442353 0.991574604582 0.948548712855 0.946379494930 0.735261057180 0.945032878062 0.728921250734 0.725835830565 0.318555828327 0.991226028620 0.941661844999 0.937737628981 0.696359726286 0.934261921944 0.686691302456 0.659878263043 0.241864657632 0.906301023380 0.579821831195 0.514515898667 0.106710931949 0.340311530041 0.037576010353 0.017048396127 0.000077556429 0.980561192257 0.874156503220 0.855696920833 0.465007265601 0.784702080022 0.334609586970 0.219463364078 0.009958863096 0.592357903062 0.113737866997 0.057977436076 0.000166597575 0.025674467997 0.000195469585 0.000000948811 0.000000000000 0.302600640972 0.011568795962 0.004481477827 0.000000001956 0.001070865403 0.000000000041 0.000000000002 0.000000000000 0.000766934231 0.000000000000 0.000000000000 0.000000000000 0.000000000000 0.000000000000 0.000000000000 0.000000000000 

0.996104965548 0.996054527718 0.996080837216 0.996109509877 0.996109837084 0.996184591084 0.996197834160 0.995933673920 0.996115650627 0.996185637706 0.996054412901 0.995838314125 0.996063362861 0.995099212066 0.995054478630 0.906823589353 0.996108691004 0.996267497893 0.996031224332 0.994419408954 0.996203034739 0.986339114085 0.974470936702 0.689882237107 0.994942235922 0.944109999080 0.873977342467 0.304313174267 0.672477320085 0.110388815679 0.058065259544 0.000143514668 0.996165779667 0.994601743928 0.992807594247 0.847178041191 0.972634957975 0.642298603706 0.453436333128 0.027464328093 0.862580455185 0.255679707393 0.134481459823 0.000228896382 0.067155382856 0.000820010004 0.000000497388 0.000000000000 0.551496639863 0.027353921964 0.010554120795 0.000000000631 0.001767626237 0.000000000011 0.000000000000 0.000000000000 0.002174192564 0.000000000000 0.000000000000 0.000000000000 0.000000000000 0.000000000000 0.000000000000 0.000000000000 

N_obs: 1000

File Format:
1- least to most reliable channels (taken entropies)
2- least to most reliable channels (taken error probabilities)
3- channels entropies
4- channels error probabilities
5- number of MontCarlo simulations