0 1 2 4 8 16 3 32 5 6 9 10 34 12 17 18 33 24 20 36 40 7 48 13 14 11 15 19 21 22 23 25 26 27 28 29 30 31 35 37 38 39 41 42 43 44 45 46 47 49 50 51 52 53 54 55 56 57 58 59 60 61 62 63 

0 1 2 4 8 16 3 32 5 6 10 9 34 12 17 18 33 24 20 36 40 7 48 13 14 11 15 19 21 22 23 25 26 27 28 29 30 31 35 37 38 39 41 42 43 44 45 46 47 49 50 51 52 53 54 55 56 57 58 59 60 61 62 63 

0.874187504237 0.470147275180 0.334108107130 0.021544124196 0.171311502585 0.002616245826 0.000848818644 0.000000000018 0.069342618736 0.000106238905 0.000046662101 0.000000000000 0.000004409812 0.000000000000 0.000000000000 0.000000000000 0.027200889108 0.000000574434 0.000000195528 0.000000000000 0.000000016746 0.000000000000 0.000000000000 0.000000000000 0.000000017433 0.000000000000 0.000000000000 0.000000000000 0.000000000000 0.000000000000 0.000000000000 0.000000000000 0.008717177209 0.000000041384 0.000020513203 0.000000000000 0.000000014309 0.000000000000 0.000000000000 0.000000000000 0.000000000728 0.000000000000 0.000000000000 0.000000000000 0.000000000000 0.000000000000 0.000000000000 0.000000000000 0.000000000013 0.000000000000 0.000000000000 0.000000000000 0.000000000000 0.000000000000 0.000000000000 0.000000000000 0.000000000000 0.000000000000 0.000000000000 0.000000000000 0.000000000000 0.000000000000 0.000000000000 0.000000000000 

0.989494881569 0.796492023961 0.604562251536 0.055823086409 0.360356135201 0.008991064280 0.002249017833 0.000000000005 0.161363592941 0.000090984599 0.001010247509 0.000000000000 0.000002736728 0.000000000000 0.000000000000 0.000000000000 0.066364960430 0.000000263895 0.000000089120 0.000000000000 0.000000005909 0.000000000000 0.000000000000 0.000000000000 0.000000006679 0.000000000000 0.000000000000 0.000000000000 0.000000000000 0.000000000000 0.000000000000 0.000000000000 0.024156493855 0.000000016623 0.000024135650 0.000000000000 0.000000005724 0.000000000000 0.000000000000 0.000000000000 0.000000000235 0.000000000000 0.000000000000 0.000000000000 0.000000000000 0.000000000000 0.000000000000 0.000000000000 0.000000000003 0.000000000000 0.000000000000 0.000000000000 0.000000000000 0.000000000000 0.000000000000 0.000000000000 0.000000000000 0.000000000000 0.000000000000 0.000000000000 0.000000000000 0.000000000000 0.000000000000 0.000000000000 

N_obs: 1000

File Format:
1- least to most reliable channels (taken entropies)
2- least to most reliable channels (taken error probabilities)
3- channels entropies
4- channels error probabilities
5- number of MontCarlo simulations