0 1 2 4 8 16 32 3 5 6 10 9 17 20 12 36 18 33 40 34 24 48 7 11 13 14 15 19 21 22 23 25 26 27 28 29 30 31 35 37 38 39 41 42 43 44 45 46 47 49 50 51 52 53 54 55 56 57 58 59 60 61 62 63 

0 1 2 4 8 16 32 3 5 6 10 9 17 20 12 36 18 33 40 34 24 48 7 11 13 14 15 19 21 22 23 25 26 27 28 29 30 31 35 37 38 39 41 42 43 44 45 46 47 49 50 51 52 53 54 55 56 57 58 59 60 61 62 63 

0.545915050074 0.071416379343 0.031016587878 0.000085691140 0.011174318332 0.000001370990 0.000000093334 0.000000000000 0.004137563752 0.000000000365 0.000000000498 0.000000000000 0.000000000004 0.000000000000 0.000000000000 0.000000000000 0.001755930022 0.000000000024 0.000000000001 0.000000000000 0.000000000009 0.000000000000 0.000000000000 0.000000000000 0.000000000000 0.000000000000 0.000000000000 0.000000000000 0.000000000000 0.000000000000 0.000000000000 0.000000000000 0.000642394573 0.000000000001 0.000000000000 0.000000000000 0.000000000003 0.000000000000 0.000000000000 0.000000000000 0.000000000000 0.000000000000 0.000000000000 0.000000000000 0.000000000000 0.000000000000 0.000000000000 0.000000000000 0.000000000000 0.000000000000 0.000000000000 0.000000000000 0.000000000000 0.000000000000 0.000000000000 0.000000000000 0.000000000000 0.000000000000 0.000000000000 0.000000000000 0.000000000000 0.000000000000 0.000000000000 0.000000000000 

0.848403333797 0.176604187775 0.075956670972 0.000112849605 0.031809749802 0.000000921645 0.000000041140 0.000000000000 0.011747000628 0.000000000109 0.000000000157 0.000000000000 0.000000000001 0.000000000000 0.000000000000 0.000000000000 0.005064538863 0.000000000006 0.000000000000 0.000000000000 0.000000000002 0.000000000000 0.000000000000 0.000000000000 0.000000000000 0.000000000000 0.000000000000 0.000000000000 0.000000000000 0.000000000000 0.000000000000 0.000000000000 0.001203136779 0.000000000000 0.000000000000 0.000000000000 0.000000000001 0.000000000000 0.000000000000 0.000000000000 0.000000000000 0.000000000000 0.000000000000 0.000000000000 0.000000000000 0.000000000000 0.000000000000 0.000000000000 0.000000000000 0.000000000000 0.000000000000 0.000000000000 0.000000000000 0.000000000000 0.000000000000 0.000000000000 0.000000000000 0.000000000000 0.000000000000 0.000000000000 0.000000000000 0.000000000000 0.000000000000 0.000000000000 

N_obs: 1000

File Format:
1- least to most reliable channels (taken entropies)
2- least to most reliable channels (taken error probabilities)
3- channels entropies
4- channels error probabilities
5- number of MontCarlo simulations