0 1 2 4 8 3 5 16 6 9 32 10 12 17 7 18 20 33 24 11 34 36 40 14 13 48 19 22 25 21 28 26 35 38 37 42 41 56 49 15 23 27 29 30 31 39 43 44 45 46 47 50 51 52 53 54 55 57 58 59 60 61 62 63 

0 2 1 4 8 3 5 16 6 9 32 10 12 17 7 18 20 24 33 11 34 14 36 40 13 48 19 22 25 21 28 26 35 38 37 42 41 56 49 15 23 27 29 30 31 39 43 44 45 46 47 50 51 52 53 54 55 57 58 59 60 61 62 63 

0.985088478659 0.895301672992 0.875465901391 0.521584642661 0.836947916069 0.416155525892 0.307260294113 0.026300023027 0.684176348135 0.191963268846 0.104377465092 0.001981174402 0.047354887993 0.000118107000 0.000196262601 0.000000000000 0.408395108178 0.036828669748 0.019599458088 0.000035710372 0.007294179296 0.000000001247 0.000008291645 0.000000000000 0.002714971280 0.000005604598 0.000000000151 0.000000000000 0.000000001027 0.000000000000 0.000000000000 0.000000000000 0.176093565440 0.002742647326 0.000852655093 0.000000000097 0.000493673685 0.000000000000 0.000000000000 0.000000000000 0.000204174303 0.000000000000 0.000000000000 0.000000000000 0.000000000000 0.000000000000 0.000000000000 0.000000000000 0.000061928065 0.000000000000 0.000000000000 0.000000000000 0.000000000000 0.000000000000 0.000000000000 0.000000000000 0.000000000000 0.000000000000 0.000000000000 0.000000000000 0.000000000000 0.000000000000 0.000000000000 0.000000000000 

0.996153949002 0.994993085870 0.995256229000 0.918858394782 0.986461193417 0.763528104717 0.614668685448 0.083912664559 0.923317854900 0.408039253212 0.238302887736 0.005314968456 0.118322837600 0.000111182884 0.001887228087 0.000000000000 0.699622550529 0.088394634847 0.046763706670 0.000047422437 0.019688154299 0.000000000373 0.000007778377 0.000000000000 0.012532981449 0.000004907518 0.000000000045 0.000000000000 0.000000000355 0.000000000000 0.000000000000 0.000000000000 0.376511927257 0.006790253030 0.004281377951 0.000000000029 0.001079030047 0.000000000000 0.000000000000 0.000000000000 0.000327827989 0.000000000000 0.000000000000 0.000000000000 0.000000000000 0.000000000000 0.000000000000 0.000000000000 0.000055336460 0.000000000000 0.000000000000 0.000000000000 0.000000000000 0.000000000000 0.000000000000 0.000000000000 0.000000000000 0.000000000000 0.000000000000 0.000000000000 0.000000000000 0.000000000000 0.000000000000 0.000000000000 

N_obs: 1000

File Format:
1- least to most reliable channels (taken entropies)
2- least to most reliable channels (taken error probabilities)
3- channels entropies
4- channels error probabilities
5- number of MontCarlo simulations