0 1 2 4 8 16 32 3 5 6 9 10 12 17 18 20 24 33 7 34 11 13 14 19 21 36 22 25 40 15 35 26 48 28 37 23 38 41 27 42 44 29 49 30 50 52 56 39 43 45 46 51 53 31 47 54 55 57 58 59 60 61 62 63 

10 17 0 1 5 2 8 3 16 4 9 6 12 32 18 7 20 11 13 33 24 14 19 34 21 36 22 15 25 40 35 26 48 28 23 37 38 41 27 42 44 30 29 50 49 52 56 39 43 45 46 51 53 31 47 54 55 57 58 59 60 61 62 63 

0.998779813022 0.990852487371 0.989355134497 0.934496929313 0.986847575134 0.925501889728 0.921788460930 0.641130013913 0.986319359247 0.916980312085 0.911604082735 0.621451018074 0.905524800724 0.601081541873 0.572132977214 0.167145888107 0.982569743953 0.886648545424 0.878409447911 0.525769238203 0.839975981529 0.453251024295 0.348626012913 0.043880469857 0.722907775028 0.243081540653 0.135317827315 0.003631769476 0.072212077206 0.000675618463 0.000435217849 0.000000000000 0.944858827517 0.700955708887 0.627682778065 0.156997005713 0.437158617789 0.050339301329 0.021364209082 0.000003234030 0.216509376594 0.005332884504 0.002790742631 0.000000000024 0.001387196473 0.000000000021 0.000000000000 0.000000000000 0.084517666665 0.000491730255 0.000369858594 0.000000000000 0.000087495462 0.000000000000 0.000000000000 0.000000000000 0.000006514946 0.000000000000 0.000000000000 0.000000000000 0.000000000000 0.000000000000 0.000000000000 0.000000000000 

0.996111067865 0.996110843790 0.996084752389 0.996077800084 0.996038187016 0.996097067195 0.995868675507 0.992730261908 0.996078531093 0.996007653254 0.996235716269 0.990237655053 0.995799890261 0.983775930765 0.946762325394 0.543242021341 0.996071199862 0.996227206681 0.995432726506 0.927071403343 0.990326586321 0.842634331723 0.695850108030 0.137600312115 0.954161719598 0.518693365595 0.316030154821 0.009309567264 0.191110600853 0.001578654225 0.001589182378 0.000000000000 0.995716435661 0.965216385804 0.904025227402 0.346861649346 0.721639835494 0.118776931683 0.052974196360 0.000002061244 0.439403449260 0.015122729239 0.006986447751 0.000000000006 0.004237695218 0.000000000006 0.000000000000 0.000000000000 0.201243893657 0.000666902242 0.001142973216 0.000000000000 0.000101955580 0.000000000000 0.000000000000 0.000000000000 0.000004413329 0.000000000000 0.000000000000 0.000000000000 0.000000000000 0.000000000000 0.000000000000 0.000000000000 

N_obs: 1000

File Format:
1- least to most reliable channels (taken entropies)
2- least to most reliable channels (taken error probabilities)
3- channels entropies
4- channels error probabilities
5- number of MontCarlo simulations