2 0 1 4 8 3 5 6 16 9 32 10 12 7 17 18 20 11 33 24 34 13 36 40 14 48 19 21 22 25 26 35 28 37 41 15 38 42 44 50 49 56 52 23 27 29 30 39 43 45 46 51 53 54 58 57 60 31 47 55 59 61 62 63 

55 55 55 55 55 55 55 55 55 55 55 55 55 55 55 55 55 55 55 55 55 55 55 55 55 55 55 55 55 55 55 55 14 14 14 14 14 14 14 14 14 14 14 14 14 14 14 14 6 6 6 6 6 6 6 6 6 6 6 6 6 6 6 6 52 52 52 52 52 52 52 52 34 34 34 34 34 34 34 34 20 20 20 20 20 20 20 20 15 15 15 15 15 15 15 15 48 48 48 48 18 18 18 18 50 50 50 50 62 62 62 62 23 23 23 23 59 59 59 59 23 23 23 23 7 7 7 7 35 35 36 36 50 50 18 18 31 31 32 32 51 51 24 24 10 10 33 33 57 57 33 33 16 16 46 46 40 40 52 52 49 4 1 14 33 62 9 20 44 62 48 49 19 27 12 48 3 11 57 41 21 13 29 17 13 19 61 63 63 61 18 18 

0 1 2 4 8 3 5 6 16 9 32 10 12 7 17 18 20 11 33 24 34 13 36 40 14 48 19 21 22 25 26 35 28 37 41 15 38 42 44 50 56 49 52 23 27 29 30 31 39 43 45 46 47 51 53 54 55 57 58 59 60 61 62 63 

55 55 55 55 55 55 55 55 55 55 55 55 55 55 55 55 55 55 55 55 55 55 55 55 55 55 55 55 55 55 55 55 14 14 14 14 14 14 14 14 14 14 14 14 14 14 14 14 6 6 6 6 6 6 6 6 6 6 6 6 6 6 6 6 52 52 52 52 52 52 52 52 34 34 34 34 34 34 34 34 20 20 20 20 20 20 20 20 15 15 15 15 15 15 15 15 48 48 48 48 18 18 18 18 50 50 50 50 62 62 62 62 23 23 23 23 59 59 59 59 23 23 23 23 7 7 7 7 35 35 36 36 50 50 18 18 31 31 32 32 51 51 24 24 10 10 33 33 57 57 33 33 16 16 46 46 40 40 52 52 49 4 1 14 33 62 9 20 44 62 48 49 19 27 12 48 3 11 57 41 21 13 29 17 13 19 61 63 63 61 18 18 

1.00209 1.00199 1.00244 0.960532 0.998467 0.948043 0.926045 0.523177 0.981194 0.876301 0.799769 0.156431 0.664101 0.0465386 0.0263473 5.70101e-06 0.925067 0.483704 0.342242 0.00296247 0.214562 0.000641015 0.000380463 1.9765e-10 0.12337 0.0001577 7.44093e-05 2.9095e-11 4.0396e-05 2.49106e-12 1.55344e-12 1.88745e-30 0.822757 0.152318 0.0684668 4.69676e-05 0.035932 2.39599e-05 3.24207e-06 2.36458e-14 0.0281756 6.97084e-06 9.46665e-07 1.88833e-15 4.06587e-07 3.70348e-17 1.91527e-17 1.75219e-40 0.00433809 6.76946e-08 8.65056e-08 4.67158e-19 9.50292e-09 8.7303e-20 7.51388e-20 2.44804e-47 6.08184e-08 8.18204e-21 8.90299e-21 0 7.18775e-21 0 0 0 

0.984299 0.98421 0.98415 0.975979 0.983603 0.962274 0.935621 0.508741 0.976959 0.873194 0.781849 0.130731 0.63059 0.0345479 0.0186789 2.33185e-06 0.925647 0.434409 0.294046 0.00169772 0.176499 0.00032942 0.000193585 1.07287e-11 0.0968503 7.68986e-05 3.24442e-05 4.76832e-12 1.68989e-05 0 0 0 0.828415 0.126751 0.0521029 2.05304e-05 0.0269326 1.18371e-05 1.17752e-06 0 0.0223093 2.86137e-06 3.11676e-07 0 1.24187e-07 0 0 0 0.00271014 1.66043e-08 2.35002e-08 0 1.93116e-09 0 0 0 1.82728e-08 0 0 0 0 0 0 0 
Nb. Frames: 100001

