4 2 8 1 16 0 32 3 5 6 9 10 12 17 18 20 24 33 7 34 11 13 14 36 19 21 22 25 26 40 35 15 28 37 23 48 38 27 41 42 29 44 30 49 39 50 52 56 43 31 45 46 51 53 60 54 57 58 47 55 59 61 62 63 

5 5 5 5 5 5 5 5 5 5 5 5 5 5 5 5 5 5 5 5 5 5 5 5 5 5 5 5 5 5 5 5 28 28 28 28 28 28 28 28 28 28 28 28 28 28 28 28 45 45 45 45 45 45 45 45 45 45 45 45 45 45 45 45 5 5 5 5 5 5 5 5 12 12 12 12 12 12 12 12 51 51 51 51 51 51 51 51 11 11 11 11 11 11 11 11 20 20 20 20 58 58 58 58 23 23 23 23 56 56 56 56 13 13 13 13 11 11 11 11 53 53 53 53 23 23 23 23 54 54 3 3 13 13 59 59 41 41 15 15 38 38 49 49 15 15 37 37 36 36 21 21 50 50 38 38 46 46 26 26 62 28 57 11 2 29 19 3 25 19 40 63 63 46 48 45 20 25 32 9 29 60 28 15 19 48 35 3 45 55 24 24 

5 10 3 9 6 12 17 32 0 18 20 1 16 2 8 4 7 11 13 24 14 33 19 34 21 22 36 25 15 26 35 40 23 28 37 48 38 27 41 29 42 30 44 39 49 50 52 56 43 31 45 46 51 53 60 54 57 58 47 55 59 61 62 63 

5 5 5 5 5 5 5 5 5 5 5 5 5 5 5 5 5 5 5 5 5 5 5 5 5 5 5 5 5 5 5 5 28 28 28 28 28 28 28 28 28 28 28 28 28 28 28 28 45 45 45 45 45 45 45 45 45 45 45 45 45 45 45 45 5 5 5 5 5 5 5 5 12 12 12 12 12 12 12 12 51 51 51 51 51 51 51 51 11 11 11 11 11 11 11 11 20 20 20 20 58 58 58 58 23 23 23 23 56 56 56 56 13 13 13 13 11 11 11 11 53 53 53 53 23 23 23 23 54 54 3 3 13 13 59 59 41 41 15 15 38 38 49 49 15 15 37 37 36 36 21 21 50 50 38 38 46 46 26 26 62 28 57 11 2 29 19 3 25 19 40 63 63 46 48 45 20 25 32 9 29 60 28 15 19 48 35 3 45 55 24 24 

1.00076 1.00303 1.00458 0.98299 1.00473 0.979283 0.977156 0.867299 1.00397 0.971352 0.968733 0.83577 0.967526 0.826416 0.814697 0.418414 1.00216 0.95869 0.952951 0.758482 0.949045 0.739284 0.713374 0.28377 0.921367 0.625085 0.539777 0.120575 0.371678 0.040131 0.016491 2.91743e-05 0.9835 0.875424 0.84926 0.449861 0.771881 0.31034 0.189091 0.0075697 0.531557 0.0881555 0.0406876 0.000182908 0.0183797 2.66563e-05 1.40485e-05 4.35763e-19 0.238386 0.00772399 0.00317201 3.83211e-06 0.00138145 2.28433e-08 8.30825e-10 5.19111e-30 0.000449454 7.89318e-11 1.93815e-11 2.58104e-35 2.35054e-09 6.88771e-39 2.94026e-39 0 

0.984338 0.984259 0.984244 0.984411 0.984237 0.984432 0.984397 0.984058 0.984241 0.984402 0.984419 0.983824 0.984372 0.983437 0.982436 0.892867 0.984252 0.984363 0.98432 0.978774 0.98426 0.973659 0.959109 0.648734 0.982912 0.91495 0.830319 0.279238 0.640217 0.0940553 0.0401166 6.75179e-05 0.984349 0.980044 0.974035 0.770414 0.940839 0.547071 0.354484 0.0173863 0.763658 0.169392 0.08245 0.000416483 0.0380968 3.67938e-05 3.28996e-05 0 0.420551 0.015954 0.00655871 1.30636e-05 0.00298934 1.09942e-08 2.61063e-10 0 0.000930901 2.02654e-11 3.57624e-12 0 9.51191e-10 0 0 0 
Nb. Frames: 100001

