2 4 1 8 0 16 3 5 6 9 10 12 17 32 18 7 11 20 13 24 14 33 19 34 21 36 22 40 15 25 48 26 28 35 23 37 38 41 42 44 50 52 49 27 29 56 30 39 54 46 43 45 53 51 57 60 31 58 47 55 61 62 59 63 

55 55 55 55 55 55 55 55 55 55 55 55 55 55 55 55 55 55 55 55 55 55 55 55 55 55 55 55 55 55 55 55 59 59 59 59 59 59 59 59 59 59 59 59 59 59 59 59 10 10 10 10 10 10 10 10 10 10 10 10 10 10 10 10 3 3 3 3 3 3 3 3 25 25 25 25 25 25 25 25 4 4 4 4 4 4 4 4 1 1 1 1 1 1 1 1 11 11 11 11 61 61 61 61 16 16 16 16 49 49 49 49 28 28 28 28 34 34 34 34 47 47 47 47 8 8 8 8 51 51 54 54 26 26 63 63 55 55 45 45 24 24 34 34 33 33 16 16 3 3 17 17 16 16 62 62 25 25 39 39 37 26 56 19 32 30 23 44 44 40 36 25 4 37 39 49 51 29 44 26 31 30 43 61 2 42 6 33 24 18 27 27 

0 8 1 2 4 3 5 6 16 9 10 12 7 17 32 18 11 20 13 14 24 33 19 34 21 36 22 15 40 25 48 26 28 35 23 37 38 41 42 44 52 50 49 27 29 56 30 39 31 43 45 46 47 51 53 54 55 57 58 59 60 61 62 63 

55 55 55 55 55 55 55 55 55 55 55 55 55 55 55 55 55 55 55 55 55 55 55 55 55 55 55 55 55 55 55 55 59 59 59 59 59 59 59 59 59 59 59 59 59 59 59 59 10 10 10 10 10 10 10 10 10 10 10 10 10 10 10 10 3 3 3 3 3 3 3 3 25 25 25 25 25 25 25 25 4 4 4 4 4 4 4 4 1 1 1 1 1 1 1 1 11 11 11 11 61 61 61 61 16 16 16 16 49 49 49 49 28 28 28 28 34 34 34 34 47 47 47 47 8 8 8 8 51 51 54 54 26 26 63 63 55 55 45 45 24 24 34 34 33 33 16 16 3 3 17 17 16 16 62 62 25 25 39 39 37 26 56 19 32 30 23 44 44 40 36 25 4 37 39 49 51 29 44 26 31 30 43 61 2 42 6 33 24 18 27 27 

1.00105 1.00329 1.0047 0.976474 1.00431 0.972244 0.969928 0.839189 1.00249 0.962072 0.958125 0.780809 0.939034 0.66783 0.519587 0.0453607 0.986827 0.903441 0.864777 0.373618 0.748766 0.160638 0.090711 0.000318228 0.543806 0.0334391 0.0166272 4.51305e-06 0.00774656 6.19986e-07 3.49723e-07 2.91968e-18 0.89784 0.413783 0.253576 0.00241336 0.125773 0.00026752 0.000196862 1.55464e-11 0.0516812 3.44304e-05 2.79827e-05 2.74289e-14 1.56707e-05 6.04491e-15 2.88564e-14 5.57953e-39 0.0282344 6.41664e-06 7.56544e-06 2.77739e-16 7.26291e-06 4.47687e-16 4.22082e-14 3.17288e-41 4.14146e-07 8.35667e-18 3.02471e-20 0 3.93375e-18 1.31696e-45 5.42297e-48 0 

0.984327 0.984257 0.984239 0.984225 0.984228 0.984157 0.984012 0.956608 0.984257 0.983048 0.981645 0.900054 0.972066 0.766506 0.602889 0.0558487 0.983649 0.954029 0.91616 0.423279 0.803687 0.174318 0.0973405 0.000312526 0.593415 0.0342226 0.0168227 3.02977e-06 0.00760692 3.17679e-07 1.58443e-07 0 0.936131 0.442399 0.270595 0.00223508 0.131954 0.000215428 0.000169345 1.19208e-12 0.0538475 3.20622e-05 2.25093e-05 0 1.96611e-05 0 0 0 0.0292861 3.77957e-06 4.64984e-06 0 4.90078e-06 0 0 0 2.05799e-07 0 0 0 0 0 0 0 
Nb. Frames: 100001

