0 1 2 4 8 3 5 16 6 9 10 32 12 17 7 18 20 11 33 24 34 13 14 36 40 19 48 21 22 25 26 28 35 15 37 38 41 42 44 49 50 52 56 23 27 30 29 31 39 43 45 46 47 51 53 54 55 57 58 59 60 61 62 63 

0 1 2 4 8 3 5 16 6 9 32 10 12 17 7 18 20 11 33 24 34 13 14 36 40 19 48 21 22 25 26 28 35 15 37 38 41 42 44 49 50 52 56 23 27 30 29 31 39 43 45 46 47 51 53 54 55 57 58 59 60 61 62 63 

0.999999999875 0.999913856556 0.999811487626 0.950745830211 0.998448469407 0.887332433945 0.778594315246 0.221191956694 0.974886830702 0.644943189728 0.463561032916 0.050865102264 0.261279029473 0.011749829663 0.005342978401 0.000002954721 0.797208929260 0.237160389563 0.120440351842 0.002007162458 0.053041965451 0.000255921447 0.000117059127 0.000000000000 0.023078495884 0.000034786653 0.000018846796 0.000000000000 0.000015315716 0.000000000000 0.000000000000 0.000000000000 0.425326894257 0.031919480486 0.012259453196 0.000008713047 0.004689529813 0.000000350023 0.000000149703 0.000000000000 0.002022243745 0.000000006778 0.000000004072 0.000000000000 0.000000000564 0.000000000000 0.000000000000 0.000000000000 0.000939805605 0.000000000288 0.000000000231 0.000000000000 0.000000000006 0.000000000000 0.000000000000 0.000000000000 0.000000000001 0.000000000000 0.000000000000 0.000000000000 0.000000000000 0.000000000000 0.000000000000 0.000000000000 

0.992187499647 0.992178954915 0.992168747366 0.982636371070 0.991970378482 0.958485741177 0.900164561958 0.358530632503 0.986720574534 0.808632757566 0.645732958243 0.094499271791 0.424922775086 0.023883737723 0.011305176627 0.000004213291 0.918530932346 0.384182644104 0.220406274193 0.004410444705 0.107243013950 0.000671169582 0.000293067933 0.000000000000 0.050607330230 0.000102256098 0.000032281432 0.000000000000 0.000030571613 0.000000000000 0.000000000000 0.000000000000 0.656000842382 0.065821704705 0.027351982910 0.000012719356 0.011279846203 0.000000226396 0.000000107380 0.000000000000 0.004950112824 0.000000002816 0.000000001873 0.000000000000 0.000000000207 0.000000000000 0.000000000000 0.000000000000 0.002322832550 0.000000000098 0.000000000080 0.000000000000 0.000000000001 0.000000000000 0.000000000000 0.000000000000 0.000000000000 0.000000000000 0.000000000000 0.000000000000 0.000000000000 0.000000000000 0.000000000000 0.000000000000 

N_obs: 80000

File Format:
1- least to most reliable channels (taken entropies)
2- least to most reliable channels (taken error probabilities)
3- channels entropies
4- channels error probabilities
5- number of MontCarlo simulations