0 1 2 4 8 3 16 32 5 6 9 10 12 17 18 20 34 24 33 7 48 36 40 11 13 14 19 21 22 25 28 26 35 37 15 23 27 29 30 31 38 39 41 42 43 44 45 46 47 49 50 51 52 53 54 55 56 57 58 59 60 61 62 63 

0 1 2 4 8 3 16 32 5 6 9 10 12 17 18 20 34 24 33 7 48 40 36 11 13 14 19 21 22 25 28 26 35 37 15 23 27 29 30 31 38 39 41 42 43 44 45 46 47 49 50 51 52 53 54 55 56 57 58 59 60 61 62 63 

0.986484696633 0.708539627787 0.517039771157 0.063862549215 0.280901872719 0.013171272021 0.005677672742 0.000005563594 0.121922716243 0.001557023623 0.000655349419 0.000000035928 0.000327793841 0.000000000005 0.000000000001 0.000000000000 0.048372974871 0.000169230791 0.000076272389 0.000000000000 0.000026874460 0.000000000000 0.000000000000 0.000000000000 0.000015573683 0.000000000000 0.000000000000 0.000000000000 0.000000000000 0.000000000000 0.000000000000 0.000000000000 0.019963405356 0.000013736990 0.000019764779 0.000000000000 0.000002568538 0.000000000000 0.000000000000 0.000000000000 0.000002424130 0.000000000000 0.000000000000 0.000000000000 0.000000000000 0.000000000000 0.000000000000 0.000000000000 0.000004757480 0.000000000000 0.000000000000 0.000000000000 0.000000000000 0.000000000000 0.000000000000 0.000000000000 0.000000000000 0.000000000000 0.000000000000 0.000000000000 0.000000000000 0.000000000000 0.000000000000 0.000000000000 

0.990060157927 0.866241129874 0.709006767792 0.119862517206 0.460169880812 0.027093408959 0.012497671779 0.000012764574 0.236495069802 0.003486346225 0.001615247044 0.000000023961 0.000855683730 0.000000000001 0.000000000000 0.000000000000 0.105477445568 0.000388598339 0.000183830881 0.000000000000 0.000062703823 0.000000000000 0.000000000000 0.000000000000 0.000023407968 0.000000000000 0.000000000000 0.000000000000 0.000000000000 0.000000000000 0.000000000000 0.000000000000 0.046826065573 0.000014899927 0.000055281679 0.000000000000 0.000003394662 0.000000000000 0.000000000000 0.000000000000 0.000004883322 0.000000000000 0.000000000000 0.000000000000 0.000000000000 0.000000000000 0.000000000000 0.000000000000 0.000012522424 0.000000000000 0.000000000000 0.000000000000 0.000000000000 0.000000000000 0.000000000000 0.000000000000 0.000000000000 0.000000000000 0.000000000000 0.000000000000 0.000000000000 0.000000000000 0.000000000000 0.000000000000 

N_obs: 80000

File Format:
1- least to most reliable channels (taken entropies)
2- least to most reliable channels (taken error probabilities)
3- channels entropies
4- channels error probabilities
5- number of MontCarlo simulations