0 1 2 4 8 3 5 16 6 9 10 32 12 17 7 18 11 20 33 13 24 34 14 19 36 40 21 48 22 25 26 35 28 15 37 38 41 42 50 44 49 23 52 56 27 29 30 39 31 43 45 46 47 51 53 54 55 57 58 59 60 61 62 63 

0 2 1 4 8 3 5 16 6 9 10 32 12 17 7 18 11 20 33 24 13 34 14 19 36 40 21 48 22 25 26 35 15 28 37 38 41 42 50 44 49 23 52 56 27 29 30 39 31 43 45 46 47 51 53 54 55 57 58 59 60 61 62 63 

1.000000000000 0.999997344711 0.999995095847 0.989802177299 0.999953781832 0.975832371507 0.944119507774 0.501859292685 0.998136601282 0.881330070464 0.773384840234 0.221622733400 0.552577104455 0.078711713652 0.036780347688 0.000128414588 0.947767224973 0.522631670015 0.337405289356 0.021990569708 0.171841391237 0.004014142195 0.001857463925 0.000000011083 0.076089591148 0.000567168777 0.000232620794 0.000000000000 0.000128966717 0.000000000000 0.000000000000 0.000000000000 0.649330096969 0.111446390012 0.047323234225 0.000211346039 0.018651493253 0.000027284190 0.000009908510 0.000000000000 0.007378481515 0.000002593938 0.000000777685 0.000000000000 0.000000034577 0.000000000000 0.000000000000 0.000000000000 0.003147360175 0.000000029442 0.000000108516 0.000000000000 0.000000003340 0.000000000000 0.000000000000 0.000000000000 0.000000000191 0.000000000000 0.000000000000 0.000000000000 0.000000000000 0.000000000000 0.000000000000 0.000000000000 

0.992187499950 0.992186949562 0.992187346565 0.990868177642 0.992182390260 0.987988160678 0.978168685399 0.691853248133 0.991935202388 0.954626861479 0.894559198196 0.354534576232 0.735546222845 0.142941929719 0.072397299149 0.000280253919 0.979696882250 0.706676427040 0.515175975584 0.043300521861 0.304965824471 0.008929136227 0.003923700222 0.000000005681 0.153785869468 0.001311388801 0.000559859599 0.000000000000 0.000266967630 0.000000000000 0.000000000000 0.000000000000 0.839726930796 0.205281330504 0.096752891160 0.000490882269 0.040921063799 0.000103158679 0.000035721668 0.000000000000 0.017194222033 0.000005869608 0.000000688460 0.000000000000 0.000000017265 0.000000000000 0.000000000000 0.000000000000 0.007415259487 0.000000013449 0.000000081097 0.000000000000 0.000000001376 0.000000000000 0.000000000000 0.000000000000 0.000000000061 0.000000000000 0.000000000000 0.000000000000 0.000000000000 0.000000000000 0.000000000000 0.000000000000 

N_obs: 80000

File Format:
1- least to most reliable channels (taken entropies)
2- least to most reliable channels (taken error probabilities)
3- channels entropies
4- channels error probabilities
5- number of MontCarlo simulations