0 1 2 4 8 16 32 3 5 6 9 10 12 17 18 20 40 34 33 24 36 48 7 11 13 14 15 19 21 22 23 25 26 27 28 29 30 31 35 37 38 39 41 42 43 44 45 46 47 49 50 51 52 53 54 55 56 57 58 59 60 61 62 63 

0 1 2 4 8 16 32 3 5 6 9 10 12 17 18 20 40 34 33 24 36 48 7 11 13 14 15 19 21 22 23 25 26 27 28 29 30 31 35 37 38 39 41 42 43 44 45 46 47 49 50 51 52 53 54 55 56 57 58 59 60 61 62 63 

0.714746153542 0.150971111277 0.065832855388 0.000431422835 0.025733033090 0.000064142103 0.000019011776 0.000000000000 0.010350382705 0.000004486958 0.000003368282 0.000000000000 0.000000362361 0.000000000000 0.000000000000 0.000000000000 0.004219589442 0.000000158595 0.000000080970 0.000000000000 0.000000069758 0.000000000000 0.000000000000 0.000000000000 0.000000004047 0.000000000000 0.000000000000 0.000000000000 0.000000000000 0.000000000000 0.000000000000 0.000000000000 0.001937712244 0.000000005653 0.000000014217 0.000000000000 0.000000000898 0.000000000000 0.000000000000 0.000000000000 0.000000035488 0.000000000000 0.000000000000 0.000000000000 0.000000000000 0.000000000000 0.000000000000 0.000000000000 0.000000000192 0.000000000000 0.000000000000 0.000000000000 0.000000000000 0.000000000000 0.000000000000 0.000000000000 0.000000000000 0.000000000000 0.000000000000 0.000000000000 0.000000000000 0.000000000000 0.000000000000 0.000000000000 

0.882671291651 0.269486506141 0.131035878476 0.000891752274 0.055981110659 0.000133605921 0.000036606257 0.000000000000 0.024098395020 0.000005680334 0.000003892687 0.000000000000 0.000000242698 0.000000000000 0.000000000000 0.000000000000 0.010031780817 0.000000095184 0.000000054724 0.000000000000 0.000000044661 0.000000000000 0.000000000000 0.000000000000 0.000000001680 0.000000000000 0.000000000000 0.000000000000 0.000000000000 0.000000000000 0.000000000000 0.000000000000 0.004470613315 0.000000002582 0.000000007654 0.000000000000 0.000000000328 0.000000000000 0.000000000000 0.000000000000 0.000000023579 0.000000000000 0.000000000000 0.000000000000 0.000000000000 0.000000000000 0.000000000000 0.000000000000 0.000000000066 0.000000000000 0.000000000000 0.000000000000 0.000000000000 0.000000000000 0.000000000000 0.000000000000 0.000000000000 0.000000000000 0.000000000000 0.000000000000 0.000000000000 0.000000000000 0.000000000000 0.000000000000 

N_obs: 80000

File Format:
1- least to most reliable channels (taken entropies)
2- least to most reliable channels (taken error probabilities)
3- channels entropies
4- channels error probabilities
5- number of MontCarlo simulations