0 1 2 4 8 3 16 5 32 6 9 10 12 17 18 20 7 33 24 34 36 40 48 11 13 14 19 21 22 26 25 38 28 37 35 41 42 50 44 49 15 23 27 29 30 31 39 43 45 46 47 51 52 53 54 55 56 57 58 59 60 61 62 63 

0 1 2 4 8 3 16 5 32 6 9 10 12 17 18 20 7 33 24 34 36 40 48 11 13 14 19 21 22 26 25 38 28 37 35 41 42 44 50 49 15 23 27 29 30 31 39 43 45 46 47 51 52 53 54 55 56 57 58 59 60 61 62 63 

0.999198761354 0.911340217973 0.815921925396 0.259399754233 0.586918084583 0.091398133892 0.042778428447 0.000211647703 0.307093827685 0.015465329839 0.006570958945 0.000002763705 0.002938454081 0.000000084527 0.000000009332 0.000000000000 0.129311868969 0.001616038380 0.000655211585 0.000000000279 0.000312884823 0.000000000267 0.000000000001 0.000000000000 0.000135559467 0.000000000000 0.000000000000 0.000000000000 0.000000000000 0.000000000000 0.000000000000 0.000000000000 0.051422934645 0.000145704766 0.000072913831 0.000000000000 0.000034553096 0.000000000000 0.000000000000 0.000000000000 0.000020692605 0.000000000000 0.000000000000 0.000000000000 0.000000000000 0.000000000000 0.000000000000 0.000000000000 0.000010108096 0.000000000000 0.000000000000 0.000000000000 0.000000000000 0.000000000000 0.000000000000 0.000000000000 0.000000000000 0.000000000000 0.000000000000 0.000000000000 0.000000000000 0.000000000000 0.000000000000 0.000000000000 

0.992098376401 0.970512071725 0.923652602429 0.412755371761 0.771033719379 0.165168628060 0.084216474221 0.000542836740 0.501315141123 0.032097434088 0.014716353465 0.000009781810 0.006720838177 0.000000048134 0.000000003913 0.000000000000 0.254900890575 0.003857181436 0.001577630937 0.000000000099 0.000729560832 0.000000000093 0.000000000000 0.000000000000 0.000251675722 0.000000000000 0.000000000000 0.000000000000 0.000000000000 0.000000000000 0.000000000000 0.000000000000 0.114246704030 0.000321775267 0.000125613083 0.000000000000 0.000065571419 0.000000000000 0.000000000000 0.000000000000 0.000052976606 0.000000000000 0.000000000000 0.000000000000 0.000000000000 0.000000000000 0.000000000000 0.000000000000 0.000015390423 0.000000000000 0.000000000000 0.000000000000 0.000000000000 0.000000000000 0.000000000000 0.000000000000 0.000000000000 0.000000000000 0.000000000000 0.000000000000 0.000000000000 0.000000000000 0.000000000000 0.000000000000 

N_obs: 80000

File Format:
1- least to most reliable channels (taken entropies)
2- least to most reliable channels (taken error probabilities)
3- channels entropies
4- channels error probabilities
5- number of MontCarlo simulations