0 1 2 4 8 3 5 16 6 9 32 10 12 17 7 18 20 33 24 11 34 36 13 40 14 48 19 21 22 25 26 28 35 38 15 37 41 49 44 42 52 56 50 23 27 29 30 31 39 43 45 46 47 51 53 54 55 57 58 59 60 61 62 63 

0 1 2 4 8 3 5 16 6 9 32 10 12 17 7 18 20 33 24 11 34 36 13 40 14 48 19 21 22 25 26 28 35 38 15 37 41 49 44 42 52 56 50 23 27 29 30 31 39 43 45 46 47 51 53 54 55 57 58 59 60 61 62 63 

0.999999850385 0.998406375125 0.996239006216 0.828371209961 0.977117557436 0.658410870681 0.474046339647 0.052676258924 0.856586011111 0.319616297387 0.178970513426 0.004830934427 0.084571185483 0.000867828093 0.000400375895 0.000000000325 0.541965834018 0.068433799453 0.029660934220 0.000075078554 0.012757916842 0.000013092921 0.000009379865 0.000000000000 0.005500032787 0.000001380405 0.000000465007 0.000000000000 0.000000022612 0.000000000000 0.000000000000 0.000000000000 0.238704709709 0.006479530485 0.002528289277 0.000000012652 0.001028279857 0.000000000174 0.000000000746 0.000000000000 0.000447687635 0.000000000006 0.000000000001 0.000000000000 0.000000000001 0.000000000000 0.000000000000 0.000000000000 0.000224222217 0.000000000002 0.000000000000 0.000000000000 0.000000000000 0.000000000000 0.000000000000 0.000000000000 0.000000000000 0.000000000000 0.000000000000 0.000000000000 0.000000000000 0.000000000000 0.000000000000 0.000000000000 

0.992187484897 0.992005599214 0.991679618055 0.935507330534 0.987274656429 0.818800615764 0.659661614614 0.098547814299 0.943318052954 0.485065965746 0.304028251218 0.010235509483 0.161591186935 0.002025889385 0.000912013990 0.000000000124 0.749092059910 0.128453398530 0.061968082280 0.000177409930 0.028524592152 0.000032617952 0.000026578289 0.000000000000 0.012594073999 0.000012113287 0.000000514811 0.000000000000 0.000000010423 0.000000000000 0.000000000000 0.000000000000 0.431675527575 0.014698670130 0.005768524665 0.000000005418 0.002517967270 0.000000000052 0.000000000292 0.000000000000 0.001036978238 0.000000000001 0.000000000000 0.000000000000 0.000000000000 0.000000000000 0.000000000000 0.000000000000 0.000586736644 0.000000000000 0.000000000000 0.000000000000 0.000000000000 0.000000000000 0.000000000000 0.000000000000 0.000000000000 0.000000000000 0.000000000000 0.000000000000 0.000000000000 0.000000000000 0.000000000000 0.000000000000 

N_obs: 80000

File Format:
1- least to most reliable channels (taken entropies)
2- least to most reliable channels (taken error probabilities)
3- channels entropies
4- channels error probabilities
5- number of MontCarlo simulations