0 1 2 4 8 3 5 16 6 32 9 10 12 17 7 18 20 33 24 34 36 11 40 48 13 14 19 21 22 25 26 35 28 37 38 42 41 44 49 50 52 15 56 23 27 29 30 31 39 43 45 46 47 51 53 54 55 57 58 59 60 61 62 63 

0 1 2 4 8 3 5 16 6 32 9 10 12 17 18 7 20 33 24 34 11 36 40 48 13 14 19 21 22 25 26 35 28 37 38 42 41 44 50 49 52 15 56 23 27 29 30 31 39 43 45 46 47 51 53 54 55 57 58 59 60 61 62 63 

0.999985314647 0.984249821573 0.962970728687 0.571876649936 0.860675811237 0.326750457611 0.183074010582 0.005386186504 0.595019914564 0.093963842438 0.043335183959 0.000208115887 0.019136416619 0.000023271778 0.000012784174 0.000000000000 0.292845715115 0.012896609256 0.005212307217 0.000001974989 0.002240730789 0.000000283775 0.000000085007 0.000000000000 0.001042198865 0.000000001401 0.000000000263 0.000000000000 0.000000000068 0.000000000000 0.000000000000 0.000000000000 0.117904409660 0.001178614124 0.000464218092 0.000000000225 0.000210991433 0.000000000016 0.000000000001 0.000000000000 0.000100739227 0.000000000000 0.000000000000 0.000000000000 0.000000000000 0.000000000000 0.000000000000 0.000000000000 0.000055079944 0.000000000000 0.000000000000 0.000000000000 0.000000000000 0.000000000000 0.000000000000 0.000000000000 0.000000000000 0.000000000000 0.000000000000 0.000000000000 0.000000000000 0.000000000000 0.000000000000 0.000000000000 

0.992186318525 0.989793353327 0.984004325076 0.755231253603 0.944682608195 0.493107360820 0.311027196718 0.011374792737 0.783680027066 0.170525908324 0.086323535755 0.000486753680 0.040683447647 0.000064258614 0.000025843269 0.000000000000 0.491814420608 0.027397046887 0.011600311652 0.000002974117 0.005207014139 0.000000271910 0.000000062939 0.000000000000 0.002348869646 0.000000000534 0.000000000091 0.000000000000 0.000000000021 0.000000000000 0.000000000000 0.000000000000 0.242638474411 0.002795513436 0.001045272487 0.000000000080 0.000478297695 0.000000000005 0.000000000000 0.000000000000 0.000293935933 0.000000000000 0.000000000000 0.000000000000 0.000000000000 0.000000000000 0.000000000000 0.000000000000 0.000134645532 0.000000000000 0.000000000000 0.000000000000 0.000000000000 0.000000000000 0.000000000000 0.000000000000 0.000000000000 0.000000000000 0.000000000000 0.000000000000 0.000000000000 0.000000000000 0.000000000000 0.000000000000 

N_obs: 80000

File Format:
1- least to most reliable channels (taken entropies)
2- least to most reliable channels (taken error probabilities)
3- channels entropies
4- channels error probabilities
5- number of MontCarlo simulations