0 1 2 4 8 16 3 32 5 6 9 10 12 17 18 20 24 33 34 40 36 48 7 11 13 14 19 21 15 22 23 25 26 27 28 29 30 31 35 37 38 39 41 42 43 44 45 46 47 49 50 51 52 53 54 55 56 57 58 59 60 61 62 63 

0 1 2 4 8 16 3 32 5 6 9 10 12 17 18 24 20 33 34 40 36 48 7 11 13 14 19 21 15 22 23 25 26 27 28 29 30 31 35 37 38 39 41 42 43 44 45 46 47 49 50 51 52 53 54 55 56 57 58 59 60 61 62 63 

0.910754617174 0.402563064642 0.222583836007 0.007758799168 0.096948922469 0.000960641228 0.000450460063 0.000000003087 0.038876121812 0.000108676344 0.000058348376 0.000000000000 0.000029406871 0.000000000000 0.000000000000 0.000000000000 0.015783036297 0.000011220277 0.000007293261 0.000000000000 0.000001980952 0.000000000000 0.000000000000 0.000000000000 0.000001861781 0.000000000000 0.000000000000 0.000000000000 0.000000000000 0.000000000000 0.000000000000 0.000000000000 0.006682395643 0.000000782194 0.000000479731 0.000000000000 0.000000095584 0.000000000000 0.000000000000 0.000000000000 0.000000339879 0.000000000000 0.000000000000 0.000000000000 0.000000000000 0.000000000000 0.000000000000 0.000000000000 0.000000005751 0.000000000000 0.000000000000 0.000000000000 0.000000000000 0.000000000000 0.000000000000 0.000000000000 0.000000000000 0.000000000000 0.000000000000 0.000000000000 0.000000000000 0.000000000000 0.000000000000 0.000000000000 

0.970427475884 0.594707088583 0.375740341612 0.016204841231 0.189435090590 0.002114135820 0.001019441105 0.000000001477 0.084397925670 0.000242451432 0.000143154295 0.000000000000 0.000082760414 0.000000000000 0.000000000000 0.000000000000 0.036945304062 0.000023388252 0.000020798453 0.000000000000 0.000003254920 0.000000000000 0.000000000000 0.000000000000 0.000003670124 0.000000000000 0.000000000000 0.000000000000 0.000000000000 0.000000000000 0.000000000000 0.000000000000 0.015925040745 0.000000795703 0.000000421110 0.000000000000 0.000000061749 0.000000000000 0.000000000000 0.000000000000 0.000000291685 0.000000000000 0.000000000000 0.000000000000 0.000000000000 0.000000000000 0.000000000000 0.000000000000 0.000000002438 0.000000000000 0.000000000000 0.000000000000 0.000000000000 0.000000000000 0.000000000000 0.000000000000 0.000000000000 0.000000000000 0.000000000000 0.000000000000 0.000000000000 0.000000000000 0.000000000000 0.000000000000 

N_obs: 80000

File Format:
1- least to most reliable channels (taken entropies)
2- least to most reliable channels (taken error probabilities)
3- channels entropies
4- channels error probabilities
5- number of MontCarlo simulations