0 1 2 4 8 16 3 5 6 9 10 32 12 17 18 20 7 11 33 13 24 14 34 19 36 21 22 40 25 15 48 26 35 28 37 38 23 41 42 44 50 27 49 52 30 56 29 39 31 43 45 46 47 51 53 54 55 57 58 59 60 61 62 63 

4 8 0 6 2 1 16 5 3 9 10 12 32 17 7 18 11 20 13 33 24 14 19 34 21 36 22 40 25 15 48 26 35 28 37 38 23 41 42 44 50 27 49 52 30 56 29 39 31 43 45 46 47 51 53 54 55 57 58 59 60 61 62 63 

0.997724450880 0.982913020663 0.980032978739 0.880073379015 0.975447937354 0.862902483031 0.857994150635 0.494013106718 0.973246160720 0.840264262922 0.830260529239 0.437568766395 0.782037589342 0.344798795511 0.234493081962 0.018355781371 0.949735686704 0.724270463204 0.670865541316 0.213933048052 0.521982537794 0.099973580435 0.050273898856 0.000211156139 0.309596212536 0.021833164328 0.011312654672 0.000000142061 0.005049445880 0.000000000160 0.000000007242 0.000000000000 0.818077416885 0.352067672693 0.221428465773 0.008699652642 0.104993436228 0.001928752871 0.000316121169 0.000000000000 0.036014169201 0.000061836348 0.000010885708 0.000000000000 0.000002003520 0.000000000000 0.000000000000 0.000000000000 0.014974599435 0.000000036822 0.000000157129 0.000000000000 0.000000012715 0.000000000000 0.000000000000 0.000000000000 0.000000001806 0.000000000000 0.000000000000 0.000000000000 0.000000000000 0.000000000000 0.000000000000 0.000000000000 

0.996086544320 0.995993938300 0.996042893253 0.995222455268 0.996226949693 0.995666667095 0.996072774729 0.965259349807 0.996142532473 0.994739204324 0.993006416738 0.892053910382 0.981771913460 0.736343584314 0.548078010464 0.063293353663 0.995987527774 0.974550661025 0.939785863755 0.490863759584 0.821116943290 0.241189814639 0.130955883261 0.000392872968 0.577142811158 0.065645932373 0.030204812158 0.000000068216 0.012027617075 0.000000000045 0.000000002703 0.000000000000 0.975482836106 0.641887753450 0.421285069227 0.024857064407 0.229740818512 0.004678821188 0.000412289543 0.000000000000 0.088550396535 0.000076160970 0.000009800112 0.000000000000 0.000001344369 0.000000000000 0.000000000000 0.000000000000 0.038555304143 0.000000014065 0.000000082011 0.000000000000 0.000000005074 0.000000000000 0.000000000000 0.000000000000 0.000000000600 0.000000000000 0.000000000000 0.000000000000 0.000000000000 0.000000000000 0.000000000000 0.000000000000 

N_obs: 1000

File Format:
1- least to most reliable channels (taken entropies)
2- least to most reliable channels (taken error probabilities)
3- channels entropies
4- channels error probabilities
5- number of MontCarlo simulations