0 1 2 4 8 16 3 32 5 6 9 10 12 17 18 20 7 33 11 24 13 34 14 19 21 36 22 40 25 15 26 35 48 28 37 23 38 41 44 42 27 49 29 56 30 52 50 39 45 43 31 46 47 51 53 54 55 57 58 59 60 61 62 63 

16 8 0 6 3 1 4 2 5 10 9 12 32 17 18 7 11 20 13 33 14 24 19 34 21 36 22 15 25 40 26 35 48 28 37 23 38 41 44 42 27 29 49 56 30 52 50 39 43 45 31 46 47 51 53 54 55 57 58 59 60 61 62 63 

0.998377562005 0.987630761461 0.985553417591 0.911434433806 0.982750284459 0.900844452764 0.895372247856 0.570731030861 0.981132285677 0.887072647648 0.878368988533 0.537704646931 0.864306803083 0.495929645566 0.422816866607 0.077388297013 0.971470256385 0.828250248623 0.804512117349 0.390082431488 0.731901912701 0.272294851644 0.171040503620 0.004752507776 0.535079510477 0.093956677400 0.047346177875 0.000020411934 0.019536111781 0.000009909079 0.000000724189 0.000000000000 0.902517716131 0.553594213107 0.428225222104 0.044488277435 0.240840529842 0.010501653271 0.004023128381 0.000000000087 0.095886929771 0.000872732481 0.000131999508 0.000000000000 0.000262169093 0.000000000000 0.000000000000 0.000000000000 0.038752728712 0.000011964416 0.000000262221 0.000000000000 0.000000695745 0.000000000000 0.000000000000 0.000000000000 0.000001467093 0.000000000000 0.000000000000 0.000000000000 0.000000000000 0.000000000000 0.000000000000 0.000000000000 

0.996127886358 0.996052340779 0.995992868076 0.996057233995 0.996003052804 0.995734725698 0.996108174226 0.986507391058 0.996151425736 0.995532480837 0.995563079448 0.968448903368 0.994227303603 0.919286847876 0.828277353008 0.256311681084 0.996175476057 0.992571234450 0.990717766844 0.799523203888 0.961246572366 0.590942251878 0.406625390079 0.015803496588 0.827922640919 0.218643721618 0.116024676361 0.000018080111 0.056028935191 0.000009136696 0.000000428344 0.000000000000 0.992908390840 0.879627245451 0.724495875992 0.113044321489 0.470936163157 0.028456912825 0.010012066392 0.000000000023 0.213547255600 0.002026342252 0.000130076194 0.000000000000 0.000520561884 0.000000000000 0.000000000000 0.000000000000 0.086600561684 0.000008403119 0.000000113385 0.000000000000 0.000000365085 0.000000000000 0.000000000000 0.000000000000 0.000000984905 0.000000000000 0.000000000000 0.000000000000 0.000000000000 0.000000000000 0.000000000000 0.000000000000 

N_obs: 1000

File Format:
1- least to most reliable channels (taken entropies)
2- least to most reliable channels (taken error probabilities)
3- channels entropies
4- channels error probabilities
5- number of MontCarlo simulations