0 1 2 4 8 16 3 5 6 9 10 32 12 17 7 18 11 20 33 13 24 14 34 19 36 40 48 21 22 26 25 15 35 28 38 37 42 41 44 52 49 50 23 56 27 29 30 31 39 43 45 46 47 51 53 54 55 57 58 59 60 61 62 63 

4 0 1 2 8 3 5 6 16 9 10 32 12 7 17 18 11 20 33 13 24 14 34 19 36 40 21 48 22 15 26 25 35 28 38 37 42 41 44 52 49 50 23 56 27 29 30 31 39 43 45 46 47 51 53 54 55 57 58 59 60 61 62 63 

0.995043876797 0.962425966871 0.955299516394 0.760959512754 0.947804925598 0.733493176789 0.709677324250 0.268093726277 0.924103941448 0.630838614191 0.555539487207 0.124672822373 0.391236691810 0.047167459054 0.024091850815 0.000118786154 0.804484879578 0.340849819802 0.225801030924 0.010188477118 0.113478805535 0.001297678561 0.000723889331 0.000000000000 0.046144668065 0.000133818214 0.000180952818 0.000000000000 0.000021257015 0.000000000000 0.000000000000 0.000000000000 0.519281834322 0.063132285818 0.022510158955 0.000023776437 0.010092768198 0.000000038359 0.000000074559 0.000000000000 0.003110833822 0.000000000394 0.000000002127 0.000000000000 0.000000000023 0.000000000000 0.000000000000 0.000000000000 0.001382984207 0.000000000004 0.000000000002 0.000000000000 0.000000000006 0.000000000000 0.000000000000 0.000000000000 0.000000000000 0.000000000000 0.000000000000 0.000000000000 0.000000000000 0.000000000000 0.000000000000 0.000000000000 

0.996098774615 0.996024817279 0.995967144838 0.990825589733 0.996152973816 0.989524315711 0.978074520433 0.686807693730 0.995190557376 0.942619994246 0.873230434942 0.308146388786 0.700801400940 0.129097056150 0.067938163352 0.000993506237 0.976659210863 0.623628154055 0.441216676050 0.028221860370 0.252490114834 0.005695688658 0.002609967734 0.000000000000 0.108204875356 0.000197712582 0.000236864318 0.000000000000 0.000019094044 0.000000000000 0.000000000000 0.000000000000 0.803022426776 0.149262542196 0.050008047371 0.000025848677 0.027857206007 0.000000016477 0.000000035528 0.000000000000 0.006555636629 0.000000000125 0.000000000768 0.000000000000 0.000000000006 0.000000000000 0.000000000000 0.000000000000 0.002672921945 0.000000000001 0.000000000000 0.000000000000 0.000000000001 0.000000000000 0.000000000000 0.000000000000 0.000000000000 0.000000000000 0.000000000000 0.000000000000 0.000000000000 0.000000000000 0.000000000000 0.000000000000 

N_obs: 1000

File Format:
1- least to most reliable channels (taken entropies)
2- least to most reliable channels (taken error probabilities)
3- channels entropies
4- channels error probabilities
5- number of MontCarlo simulations