0 1 2 16 4 8 32 3 5 6 9 10 12 17 18 20 24 33 34 36 7 11 13 14 19 40 21 22 25 26 35 28 37 48 38 15 23 41 27 42 29 44 30 39 49 50 52 43 56 31 45 46 51 53 54 57 58 60 47 55 59 61 62 63 

11 14 24 9 20 12 5 32 10 1 18 2 0 16 8 4 17 3 6 13 7 33 34 21 19 22 36 25 26 40 15 35 28 37 23 48 38 27 41 42 29 44 30 39 49 50 52 43 56 31 45 46 51 53 54 57 58 60 47 55 59 61 62 63 

0.999392974305 0.995372872285 0.994784816696 0.967062812672 0.993280869779 0.962672005968 0.961736972540 0.793578353852 0.992950360190 0.957452325233 0.956953051336 0.780818693986 0.955981149844 0.774984323093 0.772444388818 0.361426487142 0.993376840250 0.955092014862 0.950414498989 0.750904651767 0.947420255990 0.739489764971 0.728965453607 0.318259076683 0.938736308465 0.688825652381 0.645891257854 0.218693846850 0.507736120465 0.104158790223 0.055445713316 0.000478699316 0.987265219282 0.912390882956 0.901026219877 0.575679065449 0.868216114771 0.498714236641 0.394030173196 0.046145219946 0.742259767705 0.265574811053 0.147371898515 0.003968125265 0.067498094718 0.000451811991 0.000053227130 0.000000000000 0.459257135380 0.043975125893 0.018911001463 0.000040388402 0.005947315441 0.000000333159 0.000000013373 0.000000000000 0.002937279802 0.000000000046 0.000000000035 0.000000000000 0.000000000003 0.000000000000 0.000000000000 0.000000000000 

0.996107860596 0.996122891479 0.996110575237 0.996035188213 0.996082314374 0.996169460802 0.996029561185 0.995812410906 0.996093226911 0.996239856359 0.996142555567 0.996352461114 0.996177236492 0.995877667431 0.996288043753 0.950892234874 0.996103073375 0.996048183575 0.996122454286 0.993801612421 0.996229996620 0.994198105077 0.992889888144 0.849583630646 0.996282285674 0.981126964626 0.961112508403 0.584200535125 0.858818136099 0.295430036941 0.164968503488 0.003712208993 0.996156044281 0.995763911579 0.995356488740 0.941911094996 0.991962371211 0.851837087364 0.719184484702 0.121497665021 0.952768221539 0.528597342088 0.326893650627 0.009389498972 0.166356115770 0.000563316512 0.000054232803 0.000000000000 0.747522138664 0.101999972214 0.045701683011 0.000039236500 0.012253589037 0.000000192185 0.000000005638 0.000000000000 0.008191834463 0.000000000012 0.000000000009 0.000000000000 0.000000000001 0.000000000000 0.000000000000 0.000000000000 

N_obs: 1000

File Format:
1- least to most reliable channels (taken entropies)
2- least to most reliable channels (taken error probabilities)
3- channels entropies
4- channels error probabilities
5- number of MontCarlo simulations