0 1 2 4 8 16 32 3 5 6 9 10 12 17 18 20 24 33 34 7 11 13 14 36 19 21 22 25 40 26 35 15 28 48 37 23 38 41 27 42 29 44 30 49 39 50 56 52 43 31 45 46 51 53 60 54 57 58 47 55 59 61 62 63 

6 17 9 2 8 1 3 32 0 12 4 18 5 16 10 20 11 7 13 14 33 24 19 34 21 22 36 15 25 40 26 35 28 23 48 37 38 27 41 42 29 44 30 49 39 50 56 52 43 31 45 46 51 53 60 54 57 58 47 55 59 61 62 63 

0.999069965176 0.992918034534 0.991874748505 0.949500745333 0.989834110409 0.942829360563 0.939186153575 0.709119360756 0.989116019933 0.935123082057 0.931611671988 0.678909511648 0.931403889938 0.676539322426 0.665238567292 0.265607510530 0.988483593643 0.922514484872 0.915854445522 0.631608572869 0.901962975039 0.581090719149 0.526670220151 0.130850102885 0.840224240229 0.432082463900 0.316660704469 0.031668105748 0.175044218159 0.007385137804 0.003687702386 0.000000621390 0.967644569190 0.803859461967 0.766479695956 0.296153192587 0.635631891774 0.163318244739 0.080941852923 0.000854141645 0.387372414494 0.031980667756 0.012197260874 0.000002178496 0.005665124951 0.000000134789 0.000000000183 0.000000000000 0.169307384910 0.002336443902 0.000796835986 0.000000000002 0.000109181759 0.000000000000 0.000000000000 0.000000000000 0.000180645078 0.000000000000 0.000000000000 0.000000000000 0.000000000000 0.000000000000 0.000000000000 0.000000000000 

0.996104286496 0.996132804474 0.996138321778 0.996125313580 0.996089066864 0.996062817472 0.996411433054 0.994948570094 0.996133155818 0.996188321034 0.995828088801 0.995171075641 0.996089984100 0.993337520335 0.989753744012 0.800792561060 0.996051265290 0.996340565387 0.996066346225 0.983291836115 0.995430853865 0.959019780011 0.909491759364 0.385631080520 0.986042499775 0.797976043794 0.631011582549 0.100437877507 0.398980982636 0.022607560369 0.011507793531 0.000000388201 0.996105661026 0.988691198837 0.971034428165 0.607595106234 0.898904074955 0.353156190804 0.189455861425 0.001844213601 0.663387574730 0.075018100289 0.033744878256 0.000001338367 0.013993278932 0.000000056715 0.000000000056 0.000000000000 0.357565964898 0.004931670971 0.001530504473 0.000000000000 0.000095315032 0.000000000000 0.000000000000 0.000000000000 0.000260719138 0.000000000000 0.000000000000 0.000000000000 0.000000000000 0.000000000000 0.000000000000 0.000000000000 

N_obs: 1000

File Format:
1- least to most reliable channels (taken entropies)
2- least to most reliable channels (taken error probabilities)
3- channels entropies
4- channels error probabilities
5- number of MontCarlo simulations