63 62 61 60 59 58 57 55 54 53 51 47 46 45 43 39 31 30 29 27 56 52 50 44 42 41 49 38 23 37 35 28 26 15 25 48 22 40 21 36 19 34 14 24 13 33 20 11 7 18 17 12 32 10 9 6 5 3 16 8 4 2 1 0 

63 62 61 60 59 58 57 55 54 53 51 47 46 45 43 39 31 30 29 27 56 52 50 44 42 41 49 38 23 37 28 35 26 15 25 48 22 40 21 36 19 34 14 24 33 13 20 11 18 17 7 12 32 10 9 6 16 3 5 1 8 0 2 4 

0.000000000000 0.000000000000 0.000000000000 0.000000000000 0.000000000000 0.000000000000 0.000000000000 0.000000000003 0.000000000000 0.000000000000 0.000000000000 0.000000000351 0.000000000000 0.000000000457 0.000000144770 0.006010100000 0.000000000000 0.000000000000 0.000000000000 0.000000025174 0.000000000000 0.000000032924 0.000000064860 0.014335000000 0.000000000000 0.000002150800 0.000285380000 0.035574000000 0.000542120000 0.085570000000 0.182490000000 0.690220000000 0.000000000000 0.000000000000 0.000000000001 0.000734990000 0.000000000002 0.001020700000 0.002293900000 0.139480000000 0.000106000000 0.007974600000 0.020493000000 0.279700000000 0.069707000000 0.446400000000 0.555010000000 0.901830000000 0.001672300000 0.090834000000 0.156920000000 0.610920000000 0.281350000000 0.732200000000 0.759740000000 0.957030000000 0.393860000000 0.801270000000 0.812030000000 0.965220000000 0.830180000000 0.970090000000 0.974970000000 0.996630000000 

0.000000000000 0.000000000000 0.000000000000 0.000000000000 0.000000000000 0.000000000000 0.000000000000 0.000000000001 0.000000000000 0.000000000000 0.000000000000 0.000000000110 0.000000000000 0.000000000141 0.000000074617 0.016268000000 0.000000000000 0.000000000000 0.000000000000 0.000000010443 0.000000000000 0.000000014318 0.000000025933 0.037877000000 0.000000000000 0.000001267000 0.000452400000 0.089721000000 0.002014900000 0.203500000000 0.360850000000 0.928320000000 0.000000000000 0.000000000000 0.000000000000 0.001754300000 0.000000000000 0.003294600000 0.006942900000 0.310930000000 0.000274620000 0.024111000000 0.054336000000 0.541990000000 0.171560000000 0.743740000000 0.881010000000 0.993880000000 0.006940300000 0.228580000000 0.376080000000 0.907010000000 0.662530000000 0.978320000000 0.987870000000 0.996030000000 0.882670000000 0.992260000000 0.995120000000 0.996160000000 0.995110000000 0.996110000000 0.995930000000 0.996110000000 

N_obs: 1000

File Format:
1- most to least reliable channels (taken entropies)
2- most to least reliable channels (taken error probabilities)
3- channels entropies (flipped)
4- channels error probabilities (flipped)
5- number of MontCarlo simulations
