63 62 61 59 55 47 60 58 57 54 53 51 46 45 31 56 43 52 50 49 39 30 44 29 42 27 41 23 15 38 48 37 28 35 26 25 22 21 40 19 14 13 11 7 36 34 33 24 20 18 17 12 10 9 6 5 3 32 8 4 16 2 1 0 

63 62 61 59 55 47 60 58 57 54 53 51 46 45 31 56 43 52 50 49 39 30 44 29 42 41 27 38 48 23 37 28 35 15 40 26 25 36 22 19 21 34 33 7 13 6 3 17 4 8 16 0 2 18 1 10 32 5 12 20 9 24 14 11 

0.000000000000 0.000000000000 0.000000000000 0.000000000003 0.000000000000 0.000000000035 0.000000000046 0.002937300000 0.000000000000 0.000000013373 0.000000333160 0.005947300000 0.000040388000 0.018911000000 0.043975000000 0.459260000000 0.000000000000 0.000053227000 0.000451810000 0.067498000000 0.003968100000 0.147370000000 0.265570000000 0.742260000000 0.046145000000 0.394030000000 0.498710000000 0.868220000000 0.575680000000 0.901030000000 0.912390000000 0.987270000000 0.000478700000 0.055446000000 0.104160000000 0.507740000000 0.218690000000 0.645890000000 0.688830000000 0.938740000000 0.318260000000 0.728970000000 0.739490000000 0.947420000000 0.750900000000 0.950410000000 0.955090000000 0.993380000000 0.361430000000 0.772440000000 0.774980000000 0.955980000000 0.780820000000 0.956950000000 0.957450000000 0.992950000000 0.793580000000 0.961740000000 0.962670000000 0.993280000000 0.967060000000 0.994780000000 0.995370000000 0.999390000000 

0.000000000000 0.000000000000 0.000000000000 0.000000000001 0.000000000000 0.000000000009 0.000000000012 0.008191800000 0.000000000000 0.000000005638 0.000000192180 0.012254000000 0.000039237000 0.045702000000 0.102000000000 0.747520000000 0.000000000000 0.000054233000 0.000563320000 0.166360000000 0.009389500000 0.326890000000 0.528600000000 0.952770000000 0.121500000000 0.719180000000 0.851840000000 0.991960000000 0.941910000000 0.995360000000 0.995760000000 0.996160000000 0.003712200000 0.164970000000 0.295430000000 0.858820000000 0.584200000000 0.961110000000 0.981130000000 0.996280000000 0.849580000000 0.992890000000 0.994200000000 0.996230000000 0.993800000000 0.996120000000 0.996050000000 0.996100000000 0.950890000000 0.996290000000 0.995880000000 0.996180000000 0.996350000000 0.996140000000 0.996240000000 0.996090000000 0.995810000000 0.996030000000 0.996170000000 0.996080000000 0.996040000000 0.996110000000 0.996120000000 0.996110000000 

N_obs: 1000

File Format:
1- most to least reliable channels (taken entropies)
2- most to least reliable channels (taken error probabilities)
3- channels entropies (flipped)
4- channels error probabilities (flipped)
5- number of MontCarlo simulations
