63 62 61 60 59 58 57 56 55 54 53 52 51 50 49 47 46 45 44 43 42 41 39 38 37 35 31 30 29 28 27 26 25 23 22 21 19 15 11 14 13 48 7 40 36 20 24 33 18 17 12 34 10 9 6 5 32 3 16 8 4 2 1 0 

63 62 61 60 59 58 57 56 55 54 53 52 51 50 49 47 46 45 44 43 42 41 39 38 37 35 31 30 29 28 27 26 25 23 22 21 19 15 11 14 13 48 7 40 36 20 24 33 18 17 12 34 9 10 6 5 32 3 16 8 4 2 1 0 

0.000000000000 0.000000000000 0.000000000000 0.000000000000 0.000000000000 0.000000000000 0.000000000000 0.000000000000 0.000000000000 0.000000000000 0.000000000000 0.000000000000 0.000000000000 0.000000000000 0.000000000000 0.000000000013 0.000000000000 0.000000000000 0.000000000000 0.000000000000 0.000000000000 0.000000000000 0.000000000000 0.000000000728 0.000000000000 0.000000000000 0.000000000000 0.000000014309 0.000000000000 0.000020513000 0.000000041384 0.008717200000 0.000000000000 0.000000000000 0.000000000000 0.000000000000 0.000000000000 0.000000000000 0.000000000000 0.000000017433 0.000000000000 0.000000000000 0.000000000000 0.000000016746 0.000000000000 0.000000195530 0.000000574430 0.027201000000 0.000000000000 0.000000000000 0.000000000000 0.000004409800 0.000000000000 0.000046662000 0.000106240000 0.069343000000 0.000000000018 0.000848820000 0.002616200000 0.171310000000 0.021544000000 0.334110000000 0.470150000000 0.874190000000 

0.000000000000 0.000000000000 0.000000000000 0.000000000000 0.000000000000 0.000000000000 0.000000000000 0.000000000000 0.000000000000 0.000000000000 0.000000000000 0.000000000000 0.000000000000 0.000000000000 0.000000000000 0.000000000003 0.000000000000 0.000000000000 0.000000000000 0.000000000000 0.000000000000 0.000000000000 0.000000000000 0.000000000235 0.000000000000 0.000000000000 0.000000000000 0.000000005724 0.000000000000 0.000024136000 0.000000016623 0.024156000000 0.000000000000 0.000000000000 0.000000000000 0.000000000000 0.000000000000 0.000000000000 0.000000000000 0.000000006679 0.000000000000 0.000000000000 0.000000000000 0.000000005909 0.000000000000 0.000000089120 0.000000263890 0.066365000000 0.000000000000 0.000000000000 0.000000000000 0.000002736700 0.000000000000 0.001010200000 0.000090985000 0.161360000000 0.000000000005 0.002249000000 0.008991100000 0.360360000000 0.055823000000 0.604560000000 0.796490000000 0.989490000000 

N_obs: 1000

File Format:
1- most to least reliable channels (taken entropies)
2- most to least reliable channels (taken error probabilities)
3- channels entropies (flipped)
4- channels error probabilities (flipped)
5- number of MontCarlo simulations
