63 62 61 60 59 58 57 55 54 53 51 47 46 45 43 31 39 29 56 30 52 49 27 50 44 42 41 23 38 37 28 35 26 48 15 25 40 22 21 36 19 34 14 24 13 33 11 7 20 18 17 12 32 10 9 6 5 3 16 8 4 2 1 0 

63 62 61 60 59 58 57 55 54 53 51 47 46 45 43 31 39 29 56 30 52 49 27 50 44 42 41 23 38 37 28 35 26 48 15 25 40 22 36 21 34 19 14 24 33 13 20 11 18 7 17 32 12 10 9 3 5 16 1 2 6 0 8 4 

0.000000000000 0.000000000000 0.000000000000 0.000000000000 0.000000000000 0.000000000000 0.000000000000 0.000000001806 0.000000000000 0.000000000000 0.000000000000 0.000000012715 0.000000000000 0.000000157130 0.000000036822 0.014975000000 0.000000000000 0.000000000000 0.000000000000 0.000002003500 0.000000000000 0.000010886000 0.000061836000 0.036014000000 0.000000000000 0.000316120000 0.001928800000 0.104990000000 0.008699700000 0.221430000000 0.352070000000 0.818080000000 0.000000000000 0.000000007242 0.000000000160 0.005049400000 0.000000142060 0.011313000000 0.021833000000 0.309600000000 0.000211160000 0.050274000000 0.099974000000 0.521980000000 0.213930000000 0.670870000000 0.724270000000 0.949740000000 0.018356000000 0.234490000000 0.344800000000 0.782040000000 0.437570000000 0.830260000000 0.840260000000 0.973250000000 0.494010000000 0.857990000000 0.862900000000 0.975450000000 0.880070000000 0.980030000000 0.982910000000 0.997720000000 

0.000000000000 0.000000000000 0.000000000000 0.000000000000 0.000000000000 0.000000000000 0.000000000000 0.000000000600 0.000000000000 0.000000000000 0.000000000000 0.000000005074 0.000000000000 0.000000082011 0.000000014065 0.038555000000 0.000000000000 0.000000000000 0.000000000000 0.000001344400 0.000000000000 0.000009800100 0.000076161000 0.088550000000 0.000000000000 0.000412290000 0.004678800000 0.229740000000 0.024857000000 0.421290000000 0.641890000000 0.975480000000 0.000000000000 0.000000002703 0.000000000045 0.012028000000 0.000000068216 0.030205000000 0.065646000000 0.577140000000 0.000392870000 0.130960000000 0.241190000000 0.821120000000 0.490860000000 0.939790000000 0.974550000000 0.995990000000 0.063293000000 0.548080000000 0.736340000000 0.981770000000 0.892050000000 0.993010000000 0.994740000000 0.996140000000 0.965260000000 0.996070000000 0.995670000000 0.996230000000 0.995220000000 0.996040000000 0.995990000000 0.996090000000 

N_obs: 1000

File Format:
1- most to least reliable channels (taken entropies)
2- most to least reliable channels (taken error probabilities)
3- channels entropies (flipped)
4- channels error probabilities (flipped)
5- number of MontCarlo simulations
