63 62 61 60 59 58 57 55 54 53 52 51 50 47 46 45 44 43 39 31 30 29 27 23 15 49 56 41 42 37 38 35 26 28 21 25 22 19 48 13 14 40 36 34 11 24 33 20 18 7 17 12 10 32 9 6 16 5 3 8 4 2 1 0 

63 62 61 60 59 58 57 55 54 53 52 51 50 47 46 45 44 43 39 31 30 29 27 23 15 49 56 41 42 37 38 35 26 28 21 25 22 19 48 13 40 36 14 34 11 33 24 20 18 7 17 12 10 32 9 6 16 5 3 8 4 1 2 0 

0.000000000000 0.000000000000 0.000000000000 0.000000000000 0.000000000000 0.000000000000 0.000000000000 0.000000000000 0.000000000000 0.000000000000 0.000000000000 0.000000000000 0.000000000000 0.000000000000 0.000000000000 0.000061928000 0.000000000000 0.000000000000 0.000000000000 0.000000000000 0.000000000000 0.000000000000 0.000000000000 0.000204170000 0.000000000000 0.000000000000 0.000000000000 0.000493670000 0.000000000097 0.000852660000 0.002742600000 0.176090000000 0.000000000000 0.000000000000 0.000000000000 0.000000001027 0.000000000000 0.000000000151 0.000005604600 0.002715000000 0.000000000000 0.000008291600 0.000000001247 0.007294200000 0.000035710000 0.019599000000 0.036829000000 0.408400000000 0.000000000000 0.000196260000 0.000118110000 0.047355000000 0.001981200000 0.104380000000 0.191960000000 0.684180000000 0.026300000000 0.307260000000 0.416160000000 0.836950000000 0.521580000000 0.875470000000 0.895300000000 0.985090000000 

0.000000000000 0.000000000000 0.000000000000 0.000000000000 0.000000000000 0.000000000000 0.000000000000 0.000000000000 0.000000000000 0.000000000000 0.000000000000 0.000000000000 0.000000000000 0.000000000000 0.000000000000 0.000055336000 0.000000000000 0.000000000000 0.000000000000 0.000000000000 0.000000000000 0.000000000000 0.000000000000 0.000327830000 0.000000000000 0.000000000000 0.000000000000 0.001079000000 0.000000000029 0.004281400000 0.006790300000 0.376510000000 0.000000000000 0.000000000000 0.000000000000 0.000000000355 0.000000000000 0.000000000045 0.000004907500 0.012533000000 0.000000000000 0.000007778400 0.000000000373 0.019688000000 0.000047422000 0.046764000000 0.088395000000 0.699620000000 0.000000000000 0.001887200000 0.000111180000 0.118320000000 0.005315000000 0.238300000000 0.408040000000 0.923320000000 0.083913000000 0.614670000000 0.763530000000 0.986460000000 0.918860000000 0.995260000000 0.994990000000 0.996150000000 

N_obs: 1000

File Format:
1- most to least reliable channels (taken entropies)
2- most to least reliable channels (taken error probabilities)
3- channels entropies (flipped)
4- channels error probabilities (flipped)
5- number of MontCarlo simulations
