63 62 61 59 55 47 60 57 58 54 53 51 46 31 43 45 56 52 50 39 49 30 44 29 42 27 41 38 23 48 15 37 28 35 26 25 40 22 21 19 14 13 11 7 36 34 33 24 20 18 17 12 10 9 6 5 3 32 16 8 4 2 1 0 

63 62 61 59 55 47 60 57 58 54 53 51 46 31 43 45 52 56 50 49 39 30 44 29 42 41 27 38 48 37 28 23 35 40 26 15 25 36 22 21 34 19 33 24 14 13 11 7 18 10 1 12 2 0 16 3 4 8 32 5 9 6 20 17 

0.000000000000 0.000000000000 0.000000000000 0.000000000000 0.000000000000 0.000000000000 0.000000000000 0.000766930000 0.000000000000 0.000000000002 0.000000000041 0.001070900000 0.000000001956 0.004481500000 0.011569000000 0.302600000000 0.000000000000 0.000000948810 0.000195470000 0.025674000000 0.000166600000 0.057977000000 0.113740000000 0.592360000000 0.009958900000 0.219460000000 0.334610000000 0.784700000000 0.465010000000 0.855700000000 0.874160000000 0.980560000000 0.000077556000 0.017048000000 0.037576000000 0.340310000000 0.106710000000 0.514520000000 0.579820000000 0.906300000000 0.241860000000 0.659880000000 0.686690000000 0.934260000000 0.696360000000 0.937740000000 0.941660000000 0.991230000000 0.318560000000 0.725840000000 0.728920000000 0.945030000000 0.735260000000 0.946380000000 0.948550000000 0.991570000000 0.753880000000 0.952690000000 0.954810000000 0.992100000000 0.959420000000 0.993380000000 0.994410000000 0.999250000000 

0.000000000000 0.000000000000 0.000000000000 0.000000000000 0.000000000000 0.000000000000 0.000000000000 0.002174200000 0.000000000000 0.000000000000 0.000000000011 0.001767600000 0.000000000631 0.010554000000 0.027354000000 0.551500000000 0.000000000000 0.000000497390 0.000820010000 0.067155000000 0.000228900000 0.134480000000 0.255680000000 0.862580000000 0.027464000000 0.453440000000 0.642300000000 0.972630000000 0.847180000000 0.992810000000 0.994600000000 0.996170000000 0.000143510000 0.058065000000 0.110390000000 0.672480000000 0.304310000000 0.873980000000 0.944110000000 0.994940000000 0.689880000000 0.974470000000 0.986340000000 0.996200000000 0.994420000000 0.996030000000 0.996270000000 0.996110000000 0.906820000000 0.995050000000 0.995100000000 0.996060000000 0.995840000000 0.996050000000 0.996190000000 0.996120000000 0.995930000000 0.996200000000 0.996180000000 0.996110000000 0.996110000000 0.996080000000 0.996050000000 0.996100000000 

N_obs: 1000

File Format:
1- most to least reliable channels (taken entropies)
2- most to least reliable channels (taken error probabilities)
3- channels entropies (flipped)
4- channels error probabilities (flipped)
5- number of MontCarlo simulations
