63 62 61 60 59 58 57 55 54 53 51 47 46 45 43 39 31 30 29 27 56 23 50 49 52 44 41 42 37 38 28 35 15 25 26 22 21 48 40 36 19 34 14 24 13 33 20 11 18 7 17 12 32 10 9 6 5 3 16 8 4 2 1 0 

63 62 61 60 59 58 57 55 54 53 51 47 46 45 43 39 31 30 29 27 56 23 50 49 52 44 41 42 37 38 28 35 25 26 15 22 48 21 40 36 19 34 14 24 13 33 20 11 18 17 7 12 32 10 9 16 6 5 3 8 2 1 0 4 

0.000000000000 0.000000000000 0.000000000000 0.000000000000 0.000000000000 0.000000000000 0.000000000000 0.000000000000 0.000000000000 0.000000000000 0.000000000000 0.000000000006 0.000000000000 0.000000000002 0.000000000004 0.001383000000 0.000000000000 0.000000000000 0.000000000000 0.000000000023 0.000000000000 0.000000002127 0.000000000394 0.003110800000 0.000000000000 0.000000074559 0.000000038359 0.010093000000 0.000023776000 0.022510000000 0.063132000000 0.519280000000 0.000000000000 0.000000000000 0.000000000000 0.000021257000 0.000000000000 0.000180950000 0.000133820000 0.046145000000 0.000000000000 0.000723890000 0.001297700000 0.113480000000 0.010188000000 0.225800000000 0.340850000000 0.804480000000 0.000118790000 0.024092000000 0.047167000000 0.391240000000 0.124670000000 0.555540000000 0.630840000000 0.924100000000 0.268090000000 0.709680000000 0.733490000000 0.947800000000 0.760960000000 0.955300000000 0.962430000000 0.995040000000 

0.000000000000 0.000000000000 0.000000000000 0.000000000000 0.000000000000 0.000000000000 0.000000000000 0.000000000000 0.000000000000 0.000000000000 0.000000000000 0.000000000001 0.000000000000 0.000000000000 0.000000000001 0.002672900000 0.000000000000 0.000000000000 0.000000000000 0.000000000006 0.000000000000 0.000000000768 0.000000000125 0.006555600000 0.000000000000 0.000000035528 0.000000016477 0.027857000000 0.000025849000 0.050008000000 0.149260000000 0.803020000000 0.000000000000 0.000000000000 0.000000000000 0.000019094000 0.000000000000 0.000236860000 0.000197710000 0.108200000000 0.000000000000 0.002610000000 0.005695700000 0.252490000000 0.028222000000 0.441220000000 0.623630000000 0.976660000000 0.000993510000 0.067938000000 0.129100000000 0.700800000000 0.308150000000 0.873230000000 0.942620000000 0.995190000000 0.686810000000 0.978070000000 0.989520000000 0.996150000000 0.990830000000 0.995970000000 0.996020000000 0.996100000000 

N_obs: 1000

File Format:
1- most to least reliable channels (taken entropies)
2- most to least reliable channels (taken error probabilities)
3- channels entropies (flipped)
4- channels error probabilities (flipped)
5- number of MontCarlo simulations
