63 62 61 60 59 58 57 55 54 53 51 47 46 45 43 39 31 30 29 27 23 56 52 49 50 44 42 41 37 15 38 35 28 26 25 21 22 48 19 40 36 14 34 13 24 33 11 20 18 7 17 12 10 32 9 6 5 16 3 8 4 2 1 0 

63 62 61 60 59 58 57 55 54 53 51 47 46 45 43 39 31 30 29 27 23 56 52 49 50 44 42 41 37 15 38 35 28 26 21 25 22 40 48 19 14 36 34 13 24 33 11 20 18 17 7 12 10 32 9 6 16 5 3 8 4 0 2 1 

0.000000000000 0.000000000000 0.000000000000 0.000000000000 0.000000000000 0.000000000000 0.000000000000 0.000000000000 0.000000000000 0.000000000000 0.000000000000 0.000000000000 0.000000000000 0.000000000000 0.000000000000 0.000463700000 0.000000000000 0.000000000000 0.000000000000 0.000000000000 0.000000000000 0.000000000001 0.000000000001 0.000521500000 0.000000000000 0.000000001014 0.000000000037 0.002653000000 0.000000008917 0.005885400000 0.016165000000 0.318790000000 0.000000000000 0.000000000000 0.000000000000 0.000000048867 0.000000000000 0.000000122170 0.000038802000 0.012191000000 0.000000000000 0.000068488000 0.000039331000 0.031284000000 0.000498270000 0.067554000000 0.136470000000 0.615050000000 0.000000000958 0.002970200000 0.006949000000 0.163550000000 0.024203000000 0.290900000000 0.414800000000 0.838930000000 0.115730000000 0.526080000000 0.595400000000 0.907900000000 0.656660000000 0.926950000000 0.936490000000 0.991310000000 

0.000000000000 0.000000000000 0.000000000000 0.000000000000 0.000000000000 0.000000000000 0.000000000000 0.000000000000 0.000000000000 0.000000000000 0.000000000000 0.000000000000 0.000000000000 0.000000000000 0.000000000000 0.001161600000 0.000000000000 0.000000000000 0.000000000000 0.000000000000 0.000000000000 0.000000000000 0.000000000000 0.001036100000 0.000000000000 0.000000000328 0.000000000010 0.007782800000 0.000000003257 0.016180000000 0.038601000000 0.600110000000 0.000000000000 0.000000000000 0.000000000000 0.000000020267 0.000000000000 0.000000053730 0.000055620000 0.032463000000 0.000000000000 0.000074369000 0.000031199000 0.074624000000 0.001901700000 0.155540000000 0.291780000000 0.887690000000 0.000000000325 0.006965400000 0.018909000000 0.351330000000 0.072578000000 0.552590000000 0.738910000000 0.983180000000 0.300560000000 0.867450000000 0.943960000000 0.994740000000 0.977830000000 0.996130000000 0.996300000000 0.996080000000 

N_obs: 1000

File Format:
1- most to least reliable channels (taken entropies)
2- most to least reliable channels (taken error probabilities)
3- channels entropies (flipped)
4- channels error probabilities (flipped)
5- number of MontCarlo simulations
