63 62 61 60 59 58 57 56 55 54 53 52 51 50 49 47 46 45 44 43 42 41 39 38 37 35 31 30 29 28 27 26 25 23 22 21 19 15 14 13 11 7 48 36 20 33 34 18 40 12 17 24 10 9 6 5 3 32 16 8 4 2 1 0 

63 62 61 60 59 58 57 56 55 54 53 52 51 50 49 47 46 45 44 43 42 41 39 38 37 35 31 30 29 28 27 26 25 23 22 21 19 15 14 13 11 7 48 36 20 33 34 18 40 12 17 24 10 9 5 6 3 32 16 8 4 2 1 0 

0.000000000000 0.000000000000 0.000000000000 0.000000000000 0.000000000000 0.000000000000 0.000000000000 0.000000000000 0.000000000000 0.000000000000 0.000000000000 0.000000000000 0.000000000000 0.000000000000 0.000000000000 0.000000000001 0.000000000000 0.000000000000 0.000000000000 0.000000000000 0.000000000000 0.000000000000 0.000000000000 0.000000014351 0.000000000000 0.000000000000 0.000000000000 0.000000000020 0.000000000000 0.000000000762 0.000000000504 0.003319200000 0.000000000000 0.000000000000 0.000000000000 0.000000000000 0.000000000000 0.000000000000 0.000000000000 0.000000034672 0.000000000000 0.000000000000 0.000000000000 0.000000000381 0.000000000000 0.000000004465 0.000000033471 0.007319300000 0.000000000000 0.000000000000 0.000000000000 0.000000019218 0.000000000000 0.000001577400 0.000006607000 0.018559000000 0.000000000000 0.000039255000 0.000291780000 0.049386000000 0.003075800000 0.126970000000 0.248590000000 0.746430000000 

0.000000000000 0.000000000000 0.000000000000 0.000000000000 0.000000000000 0.000000000000 0.000000000000 0.000000000000 0.000000000000 0.000000000000 0.000000000000 0.000000000000 0.000000000000 0.000000000000 0.000000000000 0.000000000000 0.000000000000 0.000000000000 0.000000000000 0.000000000000 0.000000000000 0.000000000000 0.000000000000 0.000000006120 0.000000000000 0.000000000000 0.000000000000 0.000000000005 0.000000000000 0.000000000258 0.000000000150 0.010615000000 0.000000000000 0.000000000000 0.000000000000 0.000000000000 0.000000000000 0.000000000000 0.000000000000 0.000000015945 0.000000000000 0.000000000000 0.000000000000 0.000000000112 0.000000000000 0.000000001608 0.000000013759 0.019652000000 0.000000000000 0.000000000000 0.000000000000 0.000000007599 0.000000000000 0.000000961160 0.000004941400 0.049942000000 0.000000000000 0.000992090000 0.000480990000 0.112360000000 0.007934200000 0.266980000000 0.486750000000 0.955970000000 

N_obs: 1000

File Format:
1- most to least reliable channels (taken entropies)
2- most to least reliable channels (taken error probabilities)
3- channels entropies (flipped)
4- channels error probabilities (flipped)
5- number of MontCarlo simulations
