63 62 61 59 55 47 58 57 54 60 53 51 46 45 31 43 52 56 50 39 49 30 44 29 42 27 41 38 23 37 48 28 15 35 26 40 25 22 21 19 36 14 13 11 7 34 33 24 20 18 17 12 10 9 6 5 3 32 16 8 4 2 1 0 

63 62 61 59 55 47 58 57 54 60 53 51 46 45 31 43 52 56 50 39 49 30 44 29 42 41 27 38 37 48 23 28 35 26 40 25 15 36 22 21 34 19 24 33 14 13 7 11 20 10 16 5 18 4 12 0 32 3 1 8 2 9 17 6 

0.000000000000 0.000000000000 0.000000000000 0.000000000000 0.000000000000 0.000000000000 0.000000000000 0.000180650000 0.000000000000 0.000000000000 0.000000000000 0.000109180000 0.000000000002 0.000796840000 0.002336400000 0.169310000000 0.000000000000 0.000000000183 0.000000134790 0.005665100000 0.000002178500 0.012197000000 0.031981000000 0.387370000000 0.000854140000 0.080942000000 0.163320000000 0.635630000000 0.296150000000 0.766480000000 0.803860000000 0.967640000000 0.000000621390 0.003687700000 0.007385100000 0.175040000000 0.031668000000 0.316660000000 0.432080000000 0.840220000000 0.130850000000 0.526670000000 0.581090000000 0.901960000000 0.631610000000 0.915850000000 0.922510000000 0.988480000000 0.265610000000 0.665240000000 0.676540000000 0.931400000000 0.678910000000 0.931610000000 0.935120000000 0.989120000000 0.709120000000 0.939190000000 0.942830000000 0.989830000000 0.949500000000 0.991870000000 0.992920000000 0.999070000000 

0.000000000000 0.000000000000 0.000000000000 0.000000000000 0.000000000000 0.000000000000 0.000000000000 0.000260720000 0.000000000000 0.000000000000 0.000000000000 0.000095315000 0.000000000000 0.001530500000 0.004931700000 0.357570000000 0.000000000000 0.000000000056 0.000000056715 0.013993000000 0.000001338400 0.033745000000 0.075018000000 0.663390000000 0.001844200000 0.189460000000 0.353160000000 0.898900000000 0.607600000000 0.971030000000 0.988690000000 0.996110000000 0.000000388200 0.011508000000 0.022608000000 0.398980000000 0.100440000000 0.631010000000 0.797980000000 0.986040000000 0.385630000000 0.909490000000 0.959020000000 0.995430000000 0.983290000000 0.996070000000 0.996340000000 0.996050000000 0.800790000000 0.989750000000 0.993340000000 0.996090000000 0.995170000000 0.995830000000 0.996190000000 0.996130000000 0.994950000000 0.996410000000 0.996060000000 0.996090000000 0.996130000000 0.996140000000 0.996130000000 0.996100000000 

N_obs: 1000

File Format:
1- most to least reliable channels (taken entropies)
2- most to least reliable channels (taken error probabilities)
3- channels entropies (flipped)
4- channels error probabilities (flipped)
5- number of MontCarlo simulations
