63 62 61 60 59 58 57 56 55 54 53 52 51 50 49 47 46 45 44 43 42 41 39 31 30 29 27 23 15 38 37 28 35 22 25 21 26 19 13 14 40 36 11 48 34 24 33 20 18 7 17 12 10 9 32 6 5 16 3 8 4 2 1 0 

63 62 61 60 59 58 57 56 55 54 53 52 51 50 49 47 46 45 44 43 42 41 39 31 30 29 27 23 15 38 37 28 35 22 25 21 26 19 13 14 36 40 48 33 34 24 11 20 18 7 17 12 10 9 32 6 5 16 3 8 4 2 1 0 

0.000000000000 0.000000000000 0.000000000000 0.000000000000 0.000000000000 0.000000000000 0.000000000000 0.000000000000 0.000000000000 0.000000000000 0.000000000000 0.000000000000 0.000000000000 0.000000000000 0.000000000000 0.000068407000 0.000000000000 0.000000000000 0.000000000000 0.000000000000 0.000000000000 0.000000000000 0.000000000000 0.000010819000 0.000000000000 0.000000000000 0.000000000000 0.000012863000 0.000000000000 0.000139310000 0.000254500000 0.078001000000 0.000000000000 0.000000000000 0.000000000000 0.000000000000 0.000000000000 0.000000000025 0.000000000000 0.000252280000 0.000000000000 0.000000000000 0.000000000001 0.000832530000 0.000000167740 0.001202100000 0.004254300000 0.199980000000 0.000000000000 0.000002477900 0.000000621780 0.008288800000 0.000061139000 0.021762000000 0.045866000000 0.431300000000 0.001959700000 0.103870000000 0.182640000000 0.672920000000 0.339040000000 0.784450000000 0.819660000000 0.971930000000 

0.000000000000 0.000000000000 0.000000000000 0.000000000000 0.000000000000 0.000000000000 0.000000000000 0.000000000000 0.000000000000 0.000000000000 0.000000000000 0.000000000000 0.000000000000 0.000000000000 0.000000000000 0.000124990000 0.000000000000 0.000000000000 0.000000000000 0.000000000000 0.000000000000 0.000000000000 0.000000000000 0.000010184000 0.000000000000 0.000000000000 0.000000000000 0.000009268400 0.000000000000 0.000559220000 0.000345290000 0.178100000000 0.000000000000 0.000000000000 0.000000000000 0.000000000000 0.000000000000 0.000000000007 0.000000000000 0.000701300000 0.000000000000 0.000000000000 0.000000000000 0.003257000000 0.000000090179 0.003348600000 0.012076000000 0.406800000000 0.000000000000 0.000001511600 0.000000371550 0.023815000000 0.000981550000 0.057503000000 0.112630000000 0.726580000000 0.006133000000 0.232730000000 0.385910000000 0.920060000000 0.704440000000 0.978020000000 0.988400000000 0.996100000000 

N_obs: 1000

File Format:
1- most to least reliable channels (taken entropies)
2- most to least reliable channels (taken error probabilities)
3- channels entropies (flipped)
4- channels error probabilities (flipped)
5- number of MontCarlo simulations
