63 62 61 60 59 58 57 55 54 53 51 47 46 31 43 45 39 50 52 30 56 29 49 27 42 44 41 38 23 37 28 48 35 26 15 25 40 22 36 21 19 14 34 13 24 11 33 7 20 18 17 12 10 9 6 5 32 3 16 8 4 2 1 0 

63 62 61 60 59 58 57 55 54 53 51 47 46 31 45 43 39 50 52 30 56 49 29 27 42 44 41 38 23 37 28 48 35 26 40 25 15 22 36 21 34 19 24 14 33 13 20 11 7 18 17 32 12 9 10 5 2 4 1 3 6 0 8 16 

0.000000000000 0.000000000000 0.000000000000 0.000000000000 0.000000000000 0.000000000000 0.000000000000 0.000001467100 0.000000000000 0.000000000000 0.000000000000 0.000000695750 0.000000000000 0.000000262220 0.000011964000 0.038753000000 0.000000000000 0.000000000000 0.000000000000 0.000262170000 0.000000000000 0.000132000000 0.000872730000 0.095887000000 0.000000000087 0.004023100000 0.010502000000 0.240840000000 0.044488000000 0.428230000000 0.553590000000 0.902520000000 0.000000000000 0.000000724190 0.000009909100 0.019536000000 0.000020412000 0.047346000000 0.093957000000 0.535080000000 0.004752500000 0.171040000000 0.272290000000 0.731900000000 0.390080000000 0.804510000000 0.828250000000 0.971470000000 0.077388000000 0.422820000000 0.495930000000 0.864310000000 0.537700000000 0.878370000000 0.887070000000 0.981130000000 0.570730000000 0.895370000000 0.900840000000 0.982750000000 0.911430000000 0.985550000000 0.987630000000 0.998380000000 

0.000000000000 0.000000000000 0.000000000000 0.000000000000 0.000000000000 0.000000000000 0.000000000000 0.000000984910 0.000000000000 0.000000000000 0.000000000000 0.000000365090 0.000000000000 0.000000113390 0.000008403100 0.086601000000 0.000000000000 0.000000000000 0.000000000000 0.000520560000 0.000000000000 0.000130080000 0.002026300000 0.213550000000 0.000000000023 0.010012000000 0.028457000000 0.470940000000 0.113040000000 0.724500000000 0.879630000000 0.992910000000 0.000000000000 0.000000428340 0.000009136700 0.056029000000 0.000018080000 0.116020000000 0.218640000000 0.827920000000 0.015803000000 0.406630000000 0.590940000000 0.961250000000 0.799520000000 0.990720000000 0.992570000000 0.996180000000 0.256310000000 0.828280000000 0.919290000000 0.994230000000 0.968450000000 0.995560000000 0.995530000000 0.996150000000 0.986510000000 0.996110000000 0.995730000000 0.996000000000 0.996060000000 0.995990000000 0.996050000000 0.996130000000 

N_obs: 1000

File Format:
1- most to least reliable channels (taken entropies)
2- most to least reliable channels (taken error probabilities)
3- channels entropies (flipped)
4- channels error probabilities (flipped)
5- number of MontCarlo simulations
