63 62 61 60 59 58 57 56 55 54 53 52 51 50 49 47 46 45 44 43 42 41 39 38 37 31 30 29 28 27 26 25 23 22 21 15 35 19 14 13 11 48 40 36 20 24 18 33 7 34 17 12 10 9 6 32 5 16 3 8 4 2 1 0 

63 62 61 60 59 58 57 56 55 54 53 52 51 50 49 47 46 45 44 43 42 41 39 38 37 31 30 29 28 27 26 25 23 22 21 15 35 19 14 13 11 48 40 36 20 24 18 33 34 7 17 12 10 9 6 32 5 16 3 8 4 2 1 0 

0.000000000000 0.000000000000 0.000000000000 0.000000000000 0.000000000000 0.000000000000 0.000000000000 0.000000000000 0.000000000000 0.000000000000 0.000000000000 0.000000000000 0.000000000000 0.000000000000 0.000000000000 0.000000008318 0.000000000000 0.000000000000 0.000000000000 0.000000000000 0.000000000000 0.000000000000 0.000000000000 0.000000010723 0.000000000000 0.000000000000 0.000000000000 0.000000247080 0.000000000000 0.000078406000 0.000065296000 0.028737000000 0.000000000000 0.000000000000 0.000000000000 0.000000000000 0.000000000000 0.000000000000 0.000000000000 0.000008360700 0.000000000000 0.000000000000 0.000000000000 0.000004893700 0.000000000000 0.000041081000 0.000419340000 0.078408000000 0.000000000000 0.000000000000 0.000000000000 0.000874330000 0.000000003431 0.002023600000 0.005144700000 0.198510000000 0.000073796000 0.014560000000 0.036397000000 0.403570000000 0.131090000000 0.587450000000 0.677060000000 0.940950000000 

0.000000000000 0.000000000000 0.000000000000 0.000000000000 0.000000000000 0.000000000000 0.000000000000 0.000000000000 0.000000000000 0.000000000000 0.000000000000 0.000000000000 0.000000000000 0.000000000000 0.000000000000 0.000000002990 0.000000000000 0.000000000000 0.000000000000 0.000000000000 0.000000000000 0.000000000000 0.000000000000 0.000000003708 0.000000000000 0.000000000000 0.000000000000 0.000000130510 0.000000000000 0.000109140000 0.000098429000 0.074524000000 0.000000000000 0.000000000000 0.000000000000 0.000000000000 0.000000000000 0.000000000000 0.000000000000 0.000006338000 0.000000000000 0.000000000000 0.000000000000 0.000002953100 0.000000000000 0.000033941000 0.001584900000 0.192590000000 0.000000000000 0.000000000000 0.000000000000 0.001987300000 0.000000001245 0.003923000000 0.011588000000 0.409020000000 0.000112950000 0.036365000000 0.091665000000 0.687020000000 0.297000000000 0.880750000000 0.949390000000 0.995740000000 

N_obs: 1000

File Format:
1- most to least reliable channels (taken entropies)
2- most to least reliable channels (taken error probabilities)
3- channels entropies (flipped)
4- channels error probabilities (flipped)
5- number of MontCarlo simulations
