63 62 61 60 59 58 57 55 54 47 31 53 51 46 45 43 39 56 52 50 30 49 29 44 42 27 41 38 23 37 28 48 26 35 15 40 25 22 36 21 19 14 13 11 34 7 33 24 20 18 17 12 10 9 6 5 3 32 16 8 4 2 1 0 

63 62 61 60 59 58 57 55 54 47 31 53 51 46 45 43 39 56 52 49 50 29 30 44 42 27 41 38 37 23 28 48 26 35 40 25 15 22 36 21 34 19 14 24 33 13 11 20 7 18 32 12 6 9 4 16 3 8 2 5 1 0 17 10 

0.000000000000 0.000000000000 0.000000000000 0.000000000000 0.000000000000 0.000000000000 0.000000000000 0.000006514900 0.000000000000 0.000000000000 0.000000000000 0.000087495000 0.000000000000 0.000369860000 0.000491730000 0.084518000000 0.000000000000 0.000000000000 0.000000000021 0.001387200000 0.000000000024 0.002790700000 0.005332900000 0.216510000000 0.000003234000 0.021364000000 0.050339000000 0.437160000000 0.157000000000 0.627680000000 0.700960000000 0.944860000000 0.000000000000 0.000435220000 0.000675620000 0.072212000000 0.003631800000 0.135320000000 0.243080000000 0.722910000000 0.043880000000 0.348630000000 0.453250000000 0.839980000000 0.525770000000 0.878410000000 0.886650000000 0.982570000000 0.167150000000 0.572130000000 0.601080000000 0.905520000000 0.621450000000 0.911600000000 0.916980000000 0.986320000000 0.641130000000 0.921790000000 0.925500000000 0.986850000000 0.934500000000 0.989360000000 0.990850000000 0.998780000000 

0.000000000000 0.000000000000 0.000000000000 0.000000000000 0.000000000000 0.000000000000 0.000000000000 0.000004413300 0.000000000000 0.000000000000 0.000000000000 0.000101960000 0.000000000000 0.001143000000 0.000666900000 0.201240000000 0.000000000000 0.000000000000 0.000000000006 0.004237700000 0.000000000006 0.006986400000 0.015123000000 0.439400000000 0.000002061200 0.052974000000 0.118780000000 0.721640000000 0.346860000000 0.904030000000 0.965220000000 0.995720000000 0.000000000000 0.001589200000 0.001578700000 0.191110000000 0.009309600000 0.316030000000 0.518690000000 0.954160000000 0.137600000000 0.695850000000 0.842630000000 0.990330000000 0.927070000000 0.995430000000 0.996230000000 0.996070000000 0.543240000000 0.946760000000 0.983780000000 0.995800000000 0.990240000000 0.996240000000 0.996010000000 0.996080000000 0.992730000000 0.995870000000 0.996100000000 0.996040000000 0.996080000000 0.996080000000 0.996110000000 0.996110000000 

N_obs: 1000

File Format:
1- most to least reliable channels (taken entropies)
2- most to least reliable channels (taken error probabilities)
3- channels entropies (flipped)
4- channels error probabilities (flipped)
5- number of MontCarlo simulations
