0 1 2 4 8 16 3 5 6 9 10 12 32 17 18 20 7 11 33 13 24 34 14 19 21 36 22 25 40 35 15 26 37 48 28 23 38 41 27 42 44 49 29 50 30 39 52 56 43 45 46 31 51 53 54 57 58 60 55 47 59 61 62 63 

9 16 2 0 1 4 8 3 5 10 6 32 12 17 18 20 7 11 13 33 24 34 14 19 21 36 22 25 40 35 15 26 48 37 28 23 38 41 27 42 44 49 29 50 30 39 52 56 43 45 46 31 53 51 54 57 58 60 55 47 59 61 62 63 

1.000000000000 1.000000000000 1.000000000000 0.999999642433 1.000000000000 0.999999287512 0.999998614777 0.994693963210 0.999999999999 0.999995623786 0.999991525288 0.987961491797 0.999934285097 0.971344348255 0.934036727061 0.470569005493 0.999999995707 0.999693275875 0.999361601352 0.923563253482 0.996079494783 0.839820600177 0.712325044413 0.171375069945 0.960417268463 0.581507766396 0.404116722374 0.036886774159 0.222347289725 0.008021576809 0.003682845264 0.000002752229 0.999929212554 0.971974151504 0.938220932302 0.495936336881 0.813242254795 0.268279555391 0.148681939253 0.003458015254 0.546170050046 0.076364483422 0.035177135086 0.000120583981 0.015694850771 0.000020331074 0.000012879240 0.000000000000 0.268200267362 0.010953904375 0.004461443085 0.000002202040 0.001966833918 0.000001865345 0.000000045551 0.000000000000 0.000884274693 0.000000020079 0.000000000844 0.000000000000 0.000000000070 0.000000000000 0.000000000000 0.000000000000 

0.984375000000 0.984374999996 0.984375000003 0.984374963709 0.984374999979 0.984374864019 0.984374401949 0.983502414615 0.984374999803 0.984375022898 0.984374513349 0.982234136739 0.984363734111 0.977701949871 0.963633566264 0.640018363677 0.984375015674 0.984322460215 0.984267313629 0.961475227042 0.983540056669 0.918641285320 0.833584267488 0.268683567767 0.972445333506 0.728580105141 0.557096685639 0.064651247942 0.350567165493 0.015312383284 0.006894969039 0.000009857815 0.984364848889 0.977622508632 0.964552498511 0.655879760062 0.901513014508 0.396250002559 0.241033491453 0.006548319838 0.712194372874 0.130278933924 0.064118464724 0.000243859502 0.030625535471 0.000032734171 0.000014580182 0.000000000000 0.430785879936 0.021899378038 0.008725559493 0.000002481645 0.003914514580 0.000003158441 0.000000024383 0.000000000000 0.001765757352 0.000000009881 0.000000000286 0.000000000000 0.000000000019 0.000000000000 0.000000000000 0.000000000000 

N_obs: 80000

File Format:
1- least to most reliable channels (taken entropies)
2- least to most reliable channels (taken error probabilities)
3- channels entropies
4- channels error probabilities
5- number of MontCarlo simulations