0 1 2 4 8 3 5 16 6 9 10 32 12 17 7 18 11 20 33 13 24 34 14 19 36 21 40 22 48 25 35 26 15 28 37 38 41 42 23 44 49 50 52 56 27 29 30 39 45 43 46 51 53 31 47 54 55 57 58 59 60 61 62 63 

1 2 0 4 8 3 5 16 6 9 10 32 12 17 7 18 11 20 33 13 24 34 14 19 36 21 40 22 48 25 35 26 15 28 37 38 41 42 23 49 44 50 52 56 27 29 30 39 45 43 46 51 53 31 47 54 55 57 58 59 60 61 62 63 

1.000000000000 0.999999806342 0.999999679716 0.997517764417 0.999998050274 0.994437772949 0.987128693686 0.720983405574 0.999889836664 0.968704289533 0.933565691483 0.488199162232 0.810274945544 0.267542605395 0.149957269427 0.003550176852 0.992832191188 0.793258616939 0.648694134443 0.130995647352 0.424253834637 0.040894848887 0.019595527256 0.000038963631 0.223028380100 0.007909496024 0.003650221019 0.000000184252 0.001666136810 0.000000044632 0.000000007110 0.000000000000 0.867941898672 0.334625711173 0.184960199880 0.005397555214 0.084289858815 0.000812781248 0.000413657254 0.000000000017 0.035696133725 0.000126241756 0.000049058148 0.000000000000 0.000020229790 0.000000000003 0.000000000000 0.000000000000 0.015410193706 0.000012372760 0.000006161697 0.000000000000 0.000002692762 0.000000000000 0.000000000000 0.000000000000 0.000001123680 0.000000000000 0.000000000000 0.000000000000 0.000000000000 0.000000000000 0.000000000000 0.000000000000 

0.984375000007 0.984375134031 0.984375112504 0.983980883210 0.984374121849 0.983331638575 0.981438383191 0.851947222411 0.984350612310 0.975949074187 0.961455510111 0.643600658256 0.896650048997 0.392120772120 0.240742892731 0.006691275052 0.982761835851 0.891249737415 0.783596935136 0.207468804576 0.584027584438 0.071895768936 0.035872882178 0.000045725043 0.355398680936 0.015231730991 0.007474293219 0.000000093967 0.003216126066 0.000000022648 0.000000002883 0.000000000000 0.936993744821 0.486239372351 0.297938843486 0.010163580490 0.151990671320 0.001555121746 0.000920726183 0.000000000004 0.070258186109 0.000326867898 0.000095152429 0.000000000000 0.000038944815 0.000000000001 0.000000000000 0.000000000000 0.031405038618 0.000043179375 0.000007986736 0.000000000000 0.000004985100 0.000000000000 0.000000000000 0.000000000000 0.000000731216 0.000000000000 0.000000000000 0.000000000000 0.000000000000 0.000000000000 0.000000000000 0.000000000000 

N_obs: 80000

File Format:
1- least to most reliable channels (taken entropies)
2- least to most reliable channels (taken error probabilities)
3- channels entropies
4- channels error probabilities
5- number of MontCarlo simulations