0 1 2 4 8 16 3 5 6 9 10 32 12 17 18 7 20 11 13 33 24 34 14 19 21 36 22 40 25 35 15 26 48 37 28 23 38 41 42 27 44 49 29 50 30 52 39 56 43 45 46 51 53 31 54 57 58 60 47 55 59 61 62 63 

5 4 0 2 1 8 16 3 6 9 10 12 32 17 18 7 20 11 13 33 24 14 34 19 21 36 22 40 25 35 15 26 48 37 28 38 23 41 42 27 44 49 29 50 30 52 39 56 43 45 46 51 53 31 54 57 58 60 47 55 59 61 62 63 

1.000000000000 1.000000000000 1.000000000000 0.999995766315 0.999999999998 0.999991401156 0.999982234544 0.983021981703 0.999999999891 0.999936870386 0.999871232073 0.960639619828 0.999041104924 0.910381237789 0.818949512171 0.265996959173 0.999999695442 0.997459079985 0.994388604859 0.808241332514 0.973342960224 0.643900943739 0.470311856309 0.054046770333 0.861627175596 0.335768856963 0.195710346753 0.006658298895 0.096546283418 0.001212637491 0.000655454940 0.000000000594 0.999044702189 0.909993614871 0.820888020106 0.275132054523 0.611527202870 0.107445391365 0.052740060980 0.000352609151 0.342634138903 0.022337708278 0.009840761431 0.000010551206 0.004436327942 0.000002068481 0.000000263943 0.000000000000 0.153457241539 0.002755763761 0.001169816418 0.000000007763 0.000575433952 0.000000000994 0.000000000070 0.000000000000 0.000241913197 0.000000000007 0.000000000002 0.000000000000 0.000000000000 0.000000000000 0.000000000000 0.000000000000 

0.984375000000 0.984374999846 0.984374999972 0.984374523794 0.984375000104 0.984375071004 0.984371663103 0.981190590013 0.984374997070 0.984365946258 0.984355046956 0.974902425896 0.984206530562 0.955676195631 0.906656026042 0.400108361719 0.984374922609 0.983909706388 0.983158414130 0.902684464060 0.976678647584 0.780220316357 0.624741691837 0.092306072224 0.927718112781 0.476391903911 0.305871100270 0.012671958567 0.166193945921 0.002428771066 0.001305606869 0.000000000192 0.984204171823 0.955451342238 0.906388725961 0.406036940343 0.761253385561 0.177196223080 0.093676052435 0.000694179850 0.509857067094 0.041493177006 0.019048059105 0.000037870754 0.008810617003 0.000002738929 0.000000170528 0.000000000000 0.270382642220 0.005457746643 0.002407588706 0.000000002858 0.001184673472 0.000000000338 0.000000000019 0.000000000000 0.000493289829 0.000000000002 0.000000000000 0.000000000000 0.000000000000 0.000000000000 0.000000000000 0.000000000000 

N_obs: 80000

File Format:
1- least to most reliable channels (taken entropies)
2- least to most reliable channels (taken error probabilities)
3- channels entropies
4- channels error probabilities
5- number of MontCarlo simulations