0 1 2 4 8 3 5 16 6 9 32 10 12 17 7 18 20 33 24 11 34 36 13 40 14 48 19 21 22 25 35 28 26 38 37 42 41 44 15 49 50 52 56 23 27 30 29 31 39 43 45 46 47 51 53 54 55 57 58 59 60 61 62 63 

0 1 2 4 8 3 5 16 6 9 32 10 12 17 7 18 20 33 24 11 34 36 13 40 14 48 19 21 22 35 25 28 26 38 37 42 41 44 15 49 50 52 56 23 27 30 29 31 39 43 45 46 47 51 53 54 55 57 58 59 60 61 62 63 

0.999999845297 0.998207010989 0.996034261446 0.830887211677 0.978911539961 0.673666531581 0.500260196899 0.063207299613 0.876764996895 0.360297042473 0.214978021363 0.008199672712 0.107355058569 0.001573675621 0.000749765612 0.000000000277 0.599087136495 0.097536039750 0.045555242825 0.000243996907 0.020375637127 0.000048882774 0.000021690072 0.000000000000 0.009076544680 0.000006537787 0.000001271164 0.000000000000 0.000002313900 0.000000000000 0.000000000000 0.000000000000 0.297542446279 0.013636885705 0.005509385359 0.000003903232 0.002396262724 0.000000034795 0.000000139466 0.000000000000 0.001039631781 0.000000003735 0.000000006821 0.000000000000 0.000000000365 0.000000000000 0.000000000000 0.000000000000 0.000481116577 0.000000000047 0.000000000009 0.000000000000 0.000000000002 0.000000000000 0.000000000000 0.000000000000 0.000000000001 0.000000000000 0.000000000000 0.000000000000 0.000000000000 0.000000000000 0.000000000000 0.000000000000 

0.984374950245 0.984076041910 0.983620463786 0.918513628429 0.978725579750 0.806159346081 0.655045784547 0.107595689496 0.936589273285 0.504514102473 0.330917899975 0.015135752792 0.184384707138 0.003225061007 0.001456721856 0.000000000076 0.762769054911 0.164041029439 0.083408621473 0.000464380599 0.039571975610 0.000092915266 0.000059987883 0.000000000000 0.017896536907 0.000010568750 0.000001138708 0.000000000000 0.000003042219 0.000000000000 0.000000000000 0.000000000000 0.472208379923 0.026173259304 0.011169335349 0.000016139872 0.004857478863 0.000000015241 0.000000097383 0.000000000000 0.002155311539 0.000000001363 0.000000002705 0.000000000000 0.000000000115 0.000000000000 0.000000000000 0.000000000000 0.001009533429 0.000000000012 0.000000000002 0.000000000000 0.000000000000 0.000000000000 0.000000000000 0.000000000000 0.000000000000 0.000000000000 0.000000000000 0.000000000000 0.000000000000 0.000000000000 0.000000000000 0.000000000000 

N_obs: 80000

File Format:
1- least to most reliable channels (taken entropies)
2- least to most reliable channels (taken error probabilities)
3- channels entropies
4- channels error probabilities
5- number of MontCarlo simulations