0 1 2 4 8 3 5 16 6 9 32 10 12 17 7 18 20 11 33 24 34 13 36 14 40 19 48 21 22 25 26 35 28 15 37 41 42 38 44 49 56 23 50 52 27 30 29 31 39 43 45 46 47 51 53 54 55 57 58 59 60 61 62 63 

0 1 2 4 8 3 5 16 6 9 32 10 12 17 7 18 20 11 33 24 34 13 36 14 40 19 48 21 22 25 26 35 28 41 15 37 42 38 44 49 56 23 50 52 27 30 29 31 39 43 45 46 47 51 53 54 55 57 58 59 60 61 62 63 

0.999999999548 0.999868178951 0.999716044508 0.945800316491 0.998090521549 0.882079233291 0.776427019897 0.225740484465 0.975758770250 0.657930820266 0.485780134412 0.060143631480 0.287188819636 0.015592776016 0.007161451005 0.000007133178 0.824790560096 0.278129053451 0.152305759026 0.003589433384 0.071718338451 0.000575089396 0.000303201872 0.000000008016 0.032163326673 0.000122763436 0.000052903384 0.000000000000 0.000018960402 0.000000000000 0.000000000000 0.000000000000 0.490967247638 0.052489501790 0.022159381484 0.000043004850 0.009050785533 0.000004190507 0.000000356555 0.000000000000 0.004005367944 0.000001869822 0.000000763035 0.000000000000 0.000000055743 0.000000000000 0.000000000000 0.000000000000 0.001847871399 0.000000019186 0.000000000995 0.000000000000 0.000000000905 0.000000000000 0.000000000000 0.000000000000 0.000000009057 0.000000000000 0.000000000000 0.000000000000 0.000000000000 0.000000000000 0.000000000000 0.000000000000 

0.984375001991 0.984353490949 0.984337669895 0.970119250561 0.983991804081 0.940616588003 0.877949444864 0.341809884457 0.977598146034 0.791710491694 0.640868353194 0.100846054004 0.429722608489 0.028790843913 0.013599947783 0.000010691139 0.911050110446 0.411887300020 0.248830221207 0.006710564329 0.128943150767 0.001089825713 0.000631410456 0.000000003121 0.061498272569 0.000282133597 0.000116155469 0.000000000000 0.000044969091 0.000000000000 0.000000000000 0.000000000000 0.677977367531 0.094363295439 0.043313209438 0.000103650876 0.018051306564 0.000010114795 0.000000183974 0.000000000000 0.008238300422 0.000011316519 0.000000691107 0.000000000000 0.000000027817 0.000000000000 0.000000000000 0.000000000000 0.003755374913 0.000000008222 0.000000000291 0.000000000000 0.000000000287 0.000000000000 0.000000000000 0.000000000000 0.000000003863 0.000000000000 0.000000000000 0.000000000000 0.000000000000 0.000000000000 0.000000000000 0.000000000000 

N_obs: 80000

File Format:
1- least to most reliable channels (taken entropies)
2- least to most reliable channels (taken error probabilities)
3- channels entropies
4- channels error probabilities
5- number of MontCarlo simulations