0 1 2 4 8 3 5 16 6 9 10 32 12 17 7 18 11 20 33 24 13 34 14 36 19 40 21 48 22 25 35 26 28 15 37 38 41 42 44 49 23 50 56 52 27 29 30 39 46 43 45 31 47 51 53 54 55 57 58 59 60 61 62 63 

0 1 2 4 8 3 5 16 6 9 10 32 12 17 7 18 11 20 33 24 13 34 14 36 19 40 21 48 22 25 35 26 28 15 37 38 41 42 49 44 23 50 56 52 27 29 30 39 46 43 45 31 47 51 53 54 55 57 58 59 60 61 62 63 

0.999999999998 0.999994476665 0.999987944385 0.987012636610 0.999916881813 0.970329288857 0.934662160220 0.483042105159 0.997708501337 0.875270697293 0.770075574582 0.223165218323 0.560614738306 0.085656751962 0.041666812756 0.000230801911 0.952916911056 0.548134971123 0.369535512932 0.029586586682 0.200408075850 0.006403720824 0.003152173413 0.000002722630 0.094470044865 0.001096637755 0.000539206391 0.000000000107 0.000253438428 0.000000000001 0.000000000000 0.000000000000 0.699978066193 0.151403856042 0.071452416214 0.000640500515 0.030355001778 0.000075526876 0.000048770114 0.000000000000 0.013007748756 0.000015120616 0.000009989697 0.000000000000 0.000003632077 0.000000000000 0.000000000000 0.000000000000 0.005763888582 0.000003326611 0.000000950683 0.000000000000 0.000000033139 0.000000000000 0.000000000000 0.000000000000 0.000000050048 0.000000000000 0.000000000000 0.000000000000 0.000000000000 0.000000000000 0.000000000000 0.000000000000 

0.984374999518 0.984374209426 0.984373117014 0.981823506776 0.984365342996 0.976919699146 0.962960040908 0.643905581004 0.983927424251 0.936667803070 0.871025859139 0.335454718227 0.712684083164 0.141837212640 0.074159688826 0.000417034750 0.970210846867 0.701394273860 0.520984900249 0.051797766773 0.319647688133 0.012102190513 0.006483286453 0.000004101719 0.167879336917 0.002239339362 0.001105877555 0.000000000029 0.000472840429 0.000000000000 0.000000000000 0.000000000000 0.842670446493 0.246939170846 0.128110462314 0.001373590534 0.058676835649 0.000155902087 0.000098754186 0.000000000000 0.026602695443 0.000040938248 0.000022126040 0.000000000000 0.000006635505 0.000000000000 0.000000000000 0.000000000000 0.011661566873 0.000007414327 0.000001010323 0.000000000000 0.000000013729 0.000000000000 0.000000000000 0.000000000000 0.000000024605 0.000000000000 0.000000000000 0.000000000000 0.000000000000 0.000000000000 0.000000000000 0.000000000000 

N_obs: 80000

File Format:
1- least to most reliable channels (taken entropies)
2- least to most reliable channels (taken error probabilities)
3- channels entropies
4- channels error probabilities
5- number of MontCarlo simulations