0 1 2 4 8 16 3 5 6 9 10 32 12 17 18 7 11 20 33 13 24 34 14 19 21 36 22 40 25 35 15 48 26 28 37 38 23 41 42 44 27 49 50 52 29 56 30 39 43 51 46 45 54 53 57 60 58 31 47 55 59 61 62 63 

8 0 1 4 2 16 3 5 6 9 10 32 12 17 18 7 11 20 33 13 24 34 14 19 36 21 22 40 25 35 15 48 26 28 37 38 23 41 42 44 27 49 50 52 29 30 56 39 43 51 46 45 54 53 57 60 58 31 47 55 59 61 62 63 

1.000000000000 0.999999999958 0.999999999923 0.999953367874 0.999999999707 0.999909314590 0.999806466229 0.951227655718 0.999999942959 0.999303631174 0.998502387611 0.890136637080 0.991195297986 0.773003539668 0.614120515323 0.108619263961 0.999979718883 0.984584015353 0.966733613657 0.606283786229 0.888559198794 0.386876278712 0.236098041468 0.010365672327 0.673956390211 0.142723631431 0.070875501544 0.000683871051 0.033114005069 0.000114125493 0.000061913454 0.000000000000 0.992221251928 0.778371606833 0.620265276031 0.111959992537 0.385842388190 0.030976381531 0.014498175482 0.000017969516 0.186176067889 0.004893081826 0.002113208441 0.000000011685 0.001020679947 0.000000000797 0.000000001755 0.000000000000 0.079433163771 0.000587130739 0.000270287758 0.000000003772 0.000147328920 0.000000000000 0.000000000000 0.000000000000 0.000073789062 0.000000000000 0.000000000000 0.000000000000 0.000000000000 0.000000000000 0.000000000000 0.000000000000 

0.984375000000 0.984374999777 0.984374998236 0.984369743772 0.984374998509 0.984362519438 0.984348174863 0.973014389173 0.984375042476 0.984264513230 0.984128191035 0.948203955977 0.982401245909 0.878315491970 0.760065556685 0.179050465059 0.984372260557 0.980769732035 0.974853235259 0.754088554273 0.940960000084 0.533212771461 0.357349177201 0.019052589082 0.810832539623 0.227501833357 0.123168120557 0.001365624279 0.061307248601 0.000237401025 0.000133603034 0.000000000000 0.982762740150 0.885685801849 0.766271231530 0.183150204913 0.550788332737 0.055638458762 0.027606024352 0.000033049528 0.310986701321 0.009612389580 0.004117578227 0.000000004070 0.002163736120 0.000000000254 0.000000000646 0.000000000000 0.150128275624 0.001295252580 0.000652096649 0.000000001571 0.000327604944 0.000000000000 0.000000000000 0.000000000000 0.000109759190 0.000000000000 0.000000000000 0.000000000000 0.000000000000 0.000000000000 0.000000000000 0.000000000000 

N_obs: 80000

File Format:
1- least to most reliable channels (taken entropies)
2- least to most reliable channels (taken error probabilities)
3- channels entropies
4- channels error probabilities
5- number of MontCarlo simulations