0 1 2 4 8 3 16 5 6 9 10 32 12 17 7 18 11 20 33 13 24 34 14 19 36 21 40 22 25 48 35 15 26 28 37 38 23 41 42 44 49 50 27 52 29 56 30 39 45 43 46 51 57 58 53 54 60 31 47 55 59 61 62 63 

4 1 2 0 8 3 16 5 6 9 10 32 12 17 7 18 11 20 33 13 24 34 14 19 36 21 40 22 48 25 35 15 26 28 37 38 23 41 42 44 49 27 50 52 29 56 30 39 45 43 46 51 57 58 53 54 60 31 47 55 59 61 62 63 

1.000000000000 0.999999996978 0.999999994787 0.999638116722 0.999999972785 0.999211582097 0.998221531696 0.874958723540 0.999998145118 0.994578544888 0.987996306494 0.735681919681 0.948142563299 0.535032643222 0.358401903506 0.026739554191 0.999462203600 0.932825601213 0.866026971962 0.343984624218 0.691242592702 0.158709927161 0.082227480758 0.001007168297 0.430176380920 0.041018753820 0.018698308844 0.000029398983 0.008546193727 0.000008394742 0.000004626532 0.000000000000 0.959901974057 0.568861639565 0.380538036233 0.030414990872 0.197548629472 0.005943698133 0.002761999564 0.000000035782 0.087330546468 0.000769124050 0.000411314131 0.000000000004 0.000203281063 0.000000000293 0.000000000001 0.000000000000 0.036896460246 0.000109002510 0.000051351943 0.000000000000 0.000026630793 0.000000000000 0.000000000000 0.000000000000 0.000007550342 0.000000000000 0.000000000000 0.000000000000 0.000000000000 0.000000000000 0.000000000000 0.000000000000 

0.984375000000 0.984375007004 0.984375005116 0.984321402234 0.984375011790 0.984243370975 0.984061082032 0.943584927886 0.984374430593 0.983209150849 0.981601322983 0.857038629024 0.967514948728 0.685504260236 0.507502709266 0.047878075473 0.984285924664 0.963030357769 0.928636681521 0.485266001261 0.818865561447 0.249587444273 0.139304066157 0.002045992313 0.598137000049 0.072414436417 0.035035479264 0.000069912712 0.017080613870 0.000008874883 0.000006753773 0.000000000000 0.973596726554 0.727046329144 0.539576623594 0.054909442150 0.322172448023 0.011473932101 0.005418225634 0.000000016239 0.160249633091 0.001533766668 0.000808373618 0.000000000001 0.000476442356 0.000000000094 0.000000000000 0.000000000000 0.074242073520 0.000232815705 0.000069756650 0.000000000000 0.000048153822 0.000000000000 0.000000000000 0.000000000000 0.000007842742 0.000000000000 0.000000000000 0.000000000000 0.000000000000 0.000000000000 0.000000000000 0.000000000000 

N_obs: 80000

File Format:
1- least to most reliable channels (taken entropies)
2- least to most reliable channels (taken error probabilities)
3- channels entropies
4- channels error probabilities
5- number of MontCarlo simulations