31 30 29 28 27 26 25 23 22 21 19 15 13 14 11 7 20 18 24 12 17 10 9 6 5 3 16 8 4 2 1 0 

31 30 29 28 27 26 25 23 22 21 19 15 13 14 11 7 18 20 24 12 17 10 9 6 5 3 16 8 4 2 1 0 

0.000000000000 0.000000000000 0.000000000000 0.000000000000 0.000000000000 0.000000000000 0.000000000000 0.000002378700 0.000000000000 0.000000000000 0.000000000000 0.000001212100 0.000000000000 0.000001284300 0.000009882400 0.009990200000 0.000000000000 0.000000000000 0.000000000000 0.000007786800 0.000000000000 0.000013437000 0.000038136000 0.024266000000 0.000000000000 0.000163900000 0.000327680000 0.061737000000 0.002839900000 0.146990000000 0.290430000000 0.847510000000 

0.000000000000 0.000000000000 0.000000000000 0.000000000000 0.000000000000 0.000000000000 0.000000000000 0.000006261200 0.000000000000 0.000000000000 0.000000000000 0.000002441700 0.000000000000 0.000001697300 0.000027641000 0.023727000000 0.000000000000 0.000000000000 0.000000000000 0.000011704000 0.000000000000 0.000031353000 0.000091915000 0.054207000000 0.000000000000 0.000427890000 0.000807650000 0.126440000000 0.006271000000 0.265790000000 0.461430000000 0.946380000000 

N_obs: 160000

File Format:
1- most to least reliable channels (taken entropies)
2- most to least reliable channels (taken error probabilities)
3- channels entropies (flipped)
4- channels error probabilities (flipped)
5- number of MontCarlo simulations
