88 44 64
2 2 2 2 2 2 2 2 2 2 2 2 2 2 2 2 2 2 2 2 2 2 2 2 2 2 2 2 2 2 2 2 2 2 2 2 2 2 2 2 2 2 2 2 2 2 2 2 2 2 2 2 2 2 2 2 2 2 2 2 2 2 2 2 2 2 2 2 2 2 2 2 2 2 2 2 2 2 2 2 2 2 2 2 2 2 2 2 
4 4 4 4 4 4 4 4 4 4 4 4 4 4 4 4 4 4 4 4 4 4 4 4 4 4 4 4 4 4 4 4 4 4 4 4 4 4 4 4 4 4 4 4 
15 19 36 9 57 0 71 37 
2 30 28 20 46 11 55 48 
3 7 27 0 62 44 80 18 
13 9 39 0 53 37 69 22 
18 0 40 37 45 22 76 9 
18 48 44 33 68 20 82 11 
1 37 38 22 71 9 87 0 
19 18 29 11 68 55 86 29 
2 37 37 19 72 9 88 0 
13 62 38 53 58 27 84 12 
8 44 26 18 52 7 61 0 
12 9 30 0 56 37 74 19 
24 33 42 18 64 5 88 59 
10 44 34 18 60 7 78 0 
24 37 44 19 59 9 78 0 
10 59 36 40 50 14 73 3 
23 44 41 18 63 7 87 0 
6 47 32 34 50 25 76 62 
1 22 27 9 45 0 56 37 
17 18 39 7 46 0 75 44 
7 25 32 6 52 43 81 32 
4 0 28 37 61 19 79 9 
14 15 40 5 54 59 70 33 
3 18 21 7 47 0 69 44 
5 0 31 44 49 18 75 7 
20 25 22 62 64 44 65 34 
20 22 30 9 67 0 85 37 
4 9 22 0 48 37 70 22 
5 37 41 11 54 56 85 46 
11 0 29 37 55 22 73 9 
9 19 35 9 49 0 74 37 
16 37 34 11 48 59 80 46 
15 7 33 0 47 44 79 18 
16 22 35 9 58 0 72 37 
7 19 25 9 51 0 62 37 
23 0 43 37 60 22 77 9 
12 43 26 32 66 25 83 6 
14 18 37 7 57 0 83 44 
11 31 25 5 65 50 84 40 
6 8 42 45 53 34 86 27 
8 9 31 0 51 37 82 19 
9 1 33 46 59 36 77 27 
17 18 43 7 67 0 81 44 
19 0 21 37 63 22 66 9 

