384 64 64
4 20
3 3 3 3 3 3 3 3 3 3 3 3 3 3 3 3 3 3 3 3 3 3 3 3 3 3 3 3 3 3 3 3 3 3 3 3 3 3 3 3 3 3 3 3 3 3 3 3 3 3 3 3 3 3 3 3 3 3 3 3 3 3 3 3 3 3 3 3 3 3 3 3 3 3 3 3 3 3 3 3 3 3 3 3 3 3 3 3 3 3 3 3 3 3 3 3 3 3 3 3 3 3 3 3 3 3 3 3 3 3 3 3 3 3 3 3 3 3 3 3 3 3 3 3 3 3 3 3 4 4 4 4 4 4 4 4 4 4 4 4 4 4 4 4 3 3 3 3 3 3 3 3 3 3 3 3 3 3 3 3 4 4 4 4 4 4 4 4 4 4 4 4 4 4 4 4 4 4 4 4 4 4 4 4 4 4 4 4 4 4 4 4 4 4 4 4 4 4 4 4 4 4 4 4 4 4 4 4 4 4 4 4 4 4 4 4 4 4 4 4 4 4 4 4 4 4 4 4 4 4 4 4 4 4 4 4 4 4 4 4 4 4 4 4 4 4 4 4 4 4 4 4 4 4 4 4 4 4 4 4 4 4 4 4 4 4 4 4 4 4 4 4 4 4 4 4 4 4 4 4 4 4 4 4 4 4 4 4 4 4 4 4 4 4 4 4 4 4 4 4 4 4 4 4 4 4 4 4 4 4 4 4 4 4 4 4 4 4 4 4 3 3 3 3 3 3 3 3 3 3 3 3 3 3 3 3 2 2 2 2 2 2 2 2 2 2 2 2 2 2 2 2 2 2 2 2 2 2 2 2 2 2 2 2 2 2 2 2 2 2 2 2 2 2 2 2 2 2 2 2 2 2 2 2 
20 20 20 20 20 20 20 20 20 20 20 20 20 20 20 20 20 20 20 20 20 20 20 20 20 20 20 20 20 20 20 20 20 20 20 20 20 20 20 20 20 20 20 20 20 20 20 20 20 20 20 20 20 20 20 20 20 20 20 20 20 20 20 20 
1 9 41 56 57 27 
2 17 42 22 58 24 
3 17 43 3 59 11 
4 45 44 33 60 28 
5 21 45 25 61 8 
6 40 46 21 62 35 
7 5 47 20 63 31 
8 51 48 50 64 8 
9 40 33 53 49 3 
10 40 34 14 50 35 
11 40 35 29 51 37 
12 19 36 58 52 40 
13 35 37 32 53 13 
14 21 38 2 54 6 
15 32 39 50 55 7 
16 63 40 38 56 26 
13 32 32 6 36 44 
14 59 17 1 37 42 
15 16 18 16 38 40 
16 15 19 23 39 62 
1 1 20 1 40 18 
2 15 21 36 41 54 
3 27 22 44 42 48 
4 25 23 47 43 41 
5 19 24 28 44 61 
6 62 25 37 45 63 
7 28 26 8 46 5 
8 57 27 44 47 27 
9 32 28 57 48 24 
10 51 29 59 33 61 
11 51 30 44 34 54 
12 46 31 15 35 62 
8 5 36 45 57 4 
9 29 37 60 58 7 
10 37 38 49 59 1 
11 8 39 37 60 38 
12 36 40 60 61 55 
13 11 41 13 62 3 
14 8 42 50 63 44 
15 59 43 21 64 12 
16 48 44 43 49 52 
1 63 45 54 50 17 
2 8 46 57 51 8 
3 46 47 3 52 18 
4 49 48 41 53 6 
5 11 33 16 54 35 
6 4 34 11 55 10 
7 2 35 3 56 18 
27 10 33 50 63 17 
28 48 34 46 64 58 
29 27 35 24 49 19 
30 34 36 26 50 6 
31 50 37 10 51 52 
32 57 38 18 52 27 
17 52 39 57 53 27 
18 45 40 58 54 12 
19 33 41 13 55 17 
20 34 42 27 56 42 
21 54 43 13 57 28 
22 26 44 53 58 49 
23 45 45 48 59 17 
24 36 46 19 60 52 
25 46 47 24 61 11 
26 19 48 26 62 46 
10 6 27 10 38 4 
11 60 28 31 39 1 
12 39 29 48 40 27 
13 5 30 44 41 11 
14 52 31 23 42 33 
15 62 32 46 43 50 
16 29 17 11 44 27 
1 60 18 47 45 63 
2 19 19 56 46 6 
3 61 20 35 47 7 
4 40 21 52 48 25 
5 18 22 49 33 41 
6 34 23 29 34 10 
7 59 24 7 35 16 
8 51 25 12 36 13 
9 56 26 51 37 58 
1 1 26 61 59 34 
2 53 27 31 60 8 
3 2 28 37 61 35 
4 41 29 23 62 42 
5 57 30 60 63 61 
6 21 31 21 64 8 
7 5 32 29 49 24 
8 24 17 59 50 53 
9 43 18 21 51 26 
10 29 19 25 52 16 
11 30 20 45 53 49 
12 54 21 9 54 35 
13 4 22 62 55 30 
14 60 23 26 56 10 
15 19 24 54 57 13 
16 20 25 23 58 24 
31 24 46 49 63 35 
32 49 47 22 64 28 
17 21 48 63 49 27 
18 54 33 27 50 50 
19 56 34 59 51 20 
20 12 35 15 52 16 
21 56 36 51 53 18 
22 57 37 34 54 27 
23 29 38 45 55 60 
24 11 39 51 56 21 
25 56 40 26 57 7 
26 17 41 56 58 45 
27 51 42 1 59 12 
28 15 43 20 60 50 
29 13 44 21 61 56 
30 26 45 61 62 15 
2 22 20 44 64 48 
3 52 21 50 49 6 
4 18 22 11 50 28 
5 44 23 58 51 17 
6 27 24 13 52 18 
7 5 25 21 53 59 
8 8 26 12 54 20 
9 25 27 24 55 32 
10 9 28 11 56 15 
11 42 29 17 57 26 
12 58 30 21 58 9 
13 12 31 44 59 41 
14 23 32 14 60 47 
15 3 17 21 61 63 
16 50 18 11 62 51 
1 17 19 59 63 38 
3 24 26 19 44 15 64 40 
4 61 27 53 45 10 49 10 
5 3 28 27 46 23 50 23 
6 56 29 15 47 53 51 9 
7 44 30 63 48 10 52 57 
8 4 31 16 33 27 53 56 
9 40 32 48 34 24 54 22 
10 3 17 15 35 59 55 52 
11 31 18 26 36 53 56 39 
12 47 19 43 37 12 57 51 
13 42 20 27 38 30 58 20 
14 14 21 55 39 58 59 20 
15 41 22 37 40 41 60 10 
16 8 23 15 41 44 61 54 
1 53 24 5 42 53 62 16 
2 41 25 9 43 23 63 31 
16 14 45 8 62 41 
1 6 46 15 63 51 
2 6 47 60 64 34 
3 54 48 63 49 47 
4 33 33 13 50 27 
5 5 34 53 51 37 
6 3 35 38 52 9 
7 27 36 37 53 20 
8 50 37 36 54 51 
9 39 38 7 55 5 
10 46 39 6 56 43 
11 63 40 36 57 5 
12 5 41 3 58 46 
13 48 42 35 59 50 
14 25 43 13 60 33 
15 51 44 55 61 39 
3 5 27 5 34 20 57 13 
4 54 28 40 35 13 58 52 
5 43 29 3 36 40 59 43 
6 10 30 26 37 44 60 43 
7 51 31 30 38 62 61 2 
8 60 32 55 39 39 62 34 
9 9 17 1 40 26 63 5 
10 15 18 60 41 4 64 41 
11 42 19 10 42 3 49 59 
12 31 20 46 43 57 50 28 
13 35 21 31 44 17 51 31 
14 11 22 5 45 14 52 36 
15 8 23 20 46 10 53 34 
16 24 24 45 47 7 54 46 
1 37 25 54 48 6 55 36 
2 2 26 50 33 7 56 51 
9 20 30 32 39 39 50 52 
10 4 31 46 40 21 51 8 
11 8 32 13 41 1 52 51 
12 19 17 44 42 26 53 2 
13 13 18 62 43 50 54 21 
14 38 19 16 44 58 55 3 
15 41 20 19 45 45 56 39 
16 11 21 59 46 23 57 31 
1 38 22 44 47 59 58 39 
2 16 23 62 48 19 59 29 
3 21 24 48 33 18 60 22 
4 11 25 49 34 51 61 52 
5 58 26 28 35 4 62 41 
6 14 27 35 36 4 63 45 
7 11 28 33 37 59 64 54 
8 34 29 10 38 16 49 45 
4 36 31 39 36 7 61 55 
5 49 32 22 37 57 62 61 
6 9 17 50 38 34 63 9 
7 42 18 36 39 59 64 58 
8 23 19 31 40 2 49 58 
9 16 20 55 41 45 50 47 
10 27 21 56 42 14 51 55 
11 2 22 44 43 38 52 12 
12 30 23 45 44 31 53 40 
13 49 24 26 45 41 54 32 
14 48 25 32 46 48 55 29 
15 59 26 50 47 49 56 35 
16 3 27 53 48 4 57 33 
1 52 28 41 33 38 58 59 
2 54 29 17 34 57 59 29 
3 50 30 39 35 34 60 53 
12 47 22 15 48 38 50 9 
13 30 23 33 33 60 51 24 
14 63 24 8 34 10 52 1 
15 23 25 27 35 38 53 9 
16 36 26 49 36 9 54 34 
1 19 27 38 37 20 55 49 
2 16 28 18 38 2 56 62 
3 37 29 42 39 27 57 41 
4 23 30 6 40 16 58 61 
5 36 31 62 41 56 59 48 
6 31 32 12 42 62 60 22 
7 23 17 41 43 50 61 30 
8 45 18 30 44 61 62 57 
9 28 19 56 45 49 63 32 
10 28 20 17 46 24 64 51 
11 52 21 42 47 38 49 54 
1 10 31 8 35 35 56 40 
2 40 32 31 36 37 57 37 
3 19 17 27 37 2 58 53 
4 61 18 51 38 5 59 23 
5 43 19 36 39 61 60 8 
6 11 20 46 40 19 61 12 
7 38 21 35 41 28 62 36 
8 49 22 33 42 8 63 14 
9 23 23 31 43 61 64 16 
10 46 24 43 44 10 49 30 
11 58 25 53 45 17 50 27 
12 12 26 44 46 19 51 1 
13 56 27 60 47 27 52 50 
14 37 28 30 48 24 53 34 
15 21 29 54 33 28 54 17 
16 23 30 44 34 57 55 32 
1 44 21 54 36 61 60 8 
2 20 22 63 37 27 61 40 
3 51 23 55 38 40 62 59 
4 21 24 16 39 45 63 1 
5 60 25 48 40 12 64 44 
6 8 26 62 41 55 49 12 
7 10 27 60 42 37 50 1 
8 24 28 38 43 13 51 42 
9 41 29 56 44 29 52 42 
10 47 30 37 45 16 53 29 
11 53 31 2 46 45 54 60 
12 11 32 39 47 41 55 9 
13 42 17 14 48 7 56 6 
14 33 18 20 33 38 57 18 
15 4 19 12 34 32 58 13 
16 22 20 15 35 46 59 15 
11 28 17 29 39 29 51 38 
12 62 18 11 40 46 52 46 
13 7 19 61 41 1 53 44 
14 33 20 12 42 59 54 63 
15 24 21 4 43 33 55 11 
16 38 22 42 44 55 56 54 
1 24 23 59 45 46 57 36 
2 12 24 33 46 12 58 44 
3 22 25 60 47 20 59 55 
4 54 26 34 48 11 60 15 
5 47 27 49 33 34 61 28 
6 26 28 47 34 28 62 9 
7 10 29 56 35 43 63 31 
8 31 30 30 36 13 64 45 
9 19 31 39 37 32 49 5 
10 22 32 52 38 48 50 49 
14 43 26 39 35 33 50 54 
15 54 27 3 36 17 51 2 
16 30 28 46 37 24 52 45 
1 10 29 17 38 13 53 54 
2 62 30 8 39 32 54 11 
3 46 31 33 40 15 55 26 
4 51 32 31 41 1 56 48 
5 8 17 49 42 38 57 45 
6 15 18 19 43 16 58 59 
7 28 19 48 44 54 59 38 
8 13 20 26 45 54 60 11 
9 27 21 55 46 58 61 55 
10 27 22 56 47 60 62 11 
11 55 23 61 48 9 63 4 
12 46 24 28 33 53 64 7 
13 20 25 6 34 11 49 51 
1 14 25 62 38 11 64 56 
2 31 26 35 39 7 49 41 
3 48 27 35 40 56 50 9 
4 3 28 57 41 4 51 8 
5 55 29 51 42 8 52 49 
6 61 30 52 43 3 53 57 
7 11 31 4 44 39 54 51 
8 63 32 55 45 38 55 36 
9 51 17 53 46 56 56 47 
10 53 18 7 47 20 57 59 
11 44 19 22 48 7 58 43 
12 13 20 14 33 41 59 55 
13 39 21 45 34 35 60 45 
14 3 22 47 35 28 61 36 
15 39 23 55 36 37 62 58 
16 14 24 28 37 43 63 60 
5 21 17 30 47 1 54 38 
6 63 18 48 48 4 55 45 
7 30 19 47 33 49 56 26 
8 13 20 48 34 54 57 39 
9 20 21 54 35 58 58 60 
10 35 22 22 36 8 59 37 
11 56 23 58 37 55 60 25 
12 36 24 25 38 52 61 57 
13 46 25 27 39 8 62 63 
14 21 26 50 40 22 63 27 
15 57 27 41 41 20 64 14 
16 32 28 30 42 9 49 56 
1 49 29 27 43 13 50 17 
2 10 30 53 44 3 51 7 
3 56 31 12 45 2 52 44 
4 47 32 33 46 41 53 57 
4 61 17 48 52 34 
5 46 18 52 53 47 
6 13 19 30 54 13 
7 32 20 19 55 5 
8 11 21 9 56 8 
9 54 22 10 57 2 
10 40 23 18 58 59 
11 22 24 28 59 30 
12 44 25 15 60 46 
13 38 26 43 61 47 
14 50 27 19 62 23 
15 38 28 39 63 46 
16 23 29 33 64 5 
1 61 30 28 49 37 
2 41 31 13 50 19 
3 13 32 46 51 36 
1 49 17 34 
2 41 18 44 
3 52 19 20 
4 53 20 10 
5 60 21 47 
6 15 22 60 
7 45 23 39 
8 28 24 8 
9 18 25 33 
10 47 26 20 
11 12 27 26 
12 28 28 61 
13 31 29 3 
14 37 30 22 
15 5 31 44 
16 15 32 32 
17 27 33 4 
18 58 34 1 
19 24 35 36 
20 58 36 53 
21 8 37 25 
22 42 38 61 
23 12 39 33 
24 57 40 26 
25 41 41 15 
26 57 42 55 
27 5 43 41 
28 21 44 53 
29 56 45 39 
30 23 46 7 
31 15 47 46 
32 57 48 25 
33 59 49 61 
34 29 50 40 
35 11 51 12 
36 50 52 36 
37 15 53 37 
38 38 54 1 
39 60 55 22 
40 36 56 29 
41 22 57 49 
42 9 58 7 
43 41 59 55 
44 48 60 16 
45 56 61 45 
46 57 62 45 
47 39 63 53 
48 37 64 15 
1 9 21 1 42 63 72 60 81 1 128 17 143 53 146 6 175 37 185 38 206 52 214 19 225 10 241 44 263 24 276 10 289 14 317 49 334 61 337 49 
2 17 22 15 43 8 73 19 82 53 113 22 144 41 147 6 176 2 186 16 207 54 215 16 226 40 242 20 264 12 277 62 290 31 318 10 335 41 338 41 
3 17 23 27 44 46 74 61 83 2 114 52 129 24 148 54 161 5 187 21 208 50 216 37 227 19 243 51 265 22 278 46 291 48 319 56 336 13 339 52 
4 45 24 25 45 49 75 40 84 41 115 18 130 61 149 33 162 54 188 11 193 36 217 23 228 61 244 21 266 54 279 51 292 3 320 47 321 61 340 53 
5 21 25 19 46 11 76 18 85 57 116 44 131 3 150 5 163 43 189 58 194 49 218 36 229 43 245 60 267 47 280 8 293 55 305 21 322 46 341 60 
6 40 26 62 47 4 77 34 86 21 117 27 132 56 151 3 164 10 190 14 195 9 219 31 230 11 246 8 268 26 281 15 294 61 306 63 323 13 342 15 
7 5 27 28 48 2 78 59 87 5 118 5 133 44 152 27 165 51 191 11 196 42 220 23 231 38 247 10 269 10 282 28 295 11 307 30 324 32 343 45 
8 51 28 57 33 5 79 51 88 24 119 8 134 4 153 50 166 60 192 34 197 23 221 45 232 49 248 24 270 31 283 13 296 63 308 13 325 11 344 28 
9 40 29 32 34 29 80 56 89 43 120 25 135 40 154 39 167 9 177 20 198 16 222 28 233 23 249 41 271 19 284 27 297 51 309 20 326 54 345 18 
10 40 30 51 35 37 65 6 90 29 121 9 136 3 155 46 168 15 178 4 199 27 223 28 234 46 250 47 272 22 285 27 298 53 310 35 327 40 346 47 
11 40 31 51 36 8 66 60 91 30 122 42 137 31 156 63 169 42 179 8 200 2 224 52 235 58 251 53 257 28 286 55 299 44 311 56 328 22 347 12 
12 19 32 46 37 36 67 39 92 54 123 58 138 47 157 5 170 31 180 19 201 30 209 47 236 12 252 11 258 62 287 46 300 13 312 36 329 44 348 28 
13 35 17 32 38 11 68 5 93 4 124 12 139 42 158 48 171 35 181 13 202 49 210 30 237 56 253 42 259 7 288 20 301 39 313 46 330 38 349 31 
14 21 18 59 39 8 69 52 94 60 125 23 140 14 159 25 172 11 182 38 203 48 211 63 238 37 254 33 260 33 273 43 302 3 314 21 331 50 350 37 
15 32 19 16 40 59 70 62 95 19 126 3 141 41 160 51 173 8 183 41 204 59 212 23 239 21 255 4 261 24 274 54 303 39 315 57 332 38 351 5 
16 63 20 15 41 48 71 29 96 20 127 50 142 8 145 14 174 24 184 11 205 3 213 36 240 23 256 22 262 38 275 30 304 14 316 32 333 23 352 15 
18 1 55 52 71 11 88 59 99 21 126 21 136 15 167 1 180 44 195 50 220 41 227 27 253 14 257 29 280 49 297 53 305 30 321 48 337 34 353 27 
19 16 56 45 72 47 89 21 100 54 127 11 137 26 168 60 181 62 196 36 221 30 228 51 254 20 258 11 281 19 298 7 306 48 322 52 338 44 354 58 
20 23 57 33 73 56 90 25 101 56 128 59 138 43 169 10 182 16 197 31 222 56 229 36 255 12 259 61 282 48 299 22 307 47 323 30 339 20 355 24 
21 1 58 34 74 35 91 45 102 12 113 44 139 27 170 46 183 19 198 55 223 17 230 46 256 15 260 12 283 26 300 14 308 48 324 19 340 10 356 58 
22 36 59 54 75 52 92 9 103 56 114 50 140 55 171 31 184 59 199 56 224 42 231 35 241 54 261 4 284 55 301 45 309 54 325 9 341 47 357 8 
23 44 60 26 76 49 93 62 104 57 115 11 141 37 172 5 185 44 200 44 209 15 232 33 242 63 262 42 285 56 302 47 310 22 326 10 342 60 358 42 
24 47 61 45 77 29 94 26 105 29 116 58 142 15 173 20 186 62 201 45 210 33 233 31 243 55 263 59 286 61 303 55 311 58 327 18 343 39 359 12 
25 28 62 36 78 7 95 54 106 11 117 13 143 5 174 45 187 48 202 26 211 8 234 43 244 16 264 33 287 28 304 28 312 25 328 28 344 8 360 57 
26 37 63 46 79 12 96 23 107 56 118 21 144 9 175 54 188 49 203 32 212 27 235 53 245 48 265 60 288 6 289 62 313 27 329 15 345 33 361 41 
27 8 64 19 80 51 81 61 108 17 119 12 129 19 176 50 189 28 204 50 213 49 236 44 246 62 266 34 273 39 290 35 314 50 330 43 346 20 362 57 
28 44 49 10 65 10 82 31 109 51 120 24 130 53 161 5 190 35 205 53 214 38 237 60 247 60 267 49 274 3 291 35 315 41 331 19 347 26 363 5 
29 57 50 48 66 31 83 37 110 15 121 11 131 27 162 40 191 33 206 41 215 18 238 30 248 38 268 47 275 46 292 57 316 30 332 39 348 61 364 21 
30 59 51 27 67 48 84 23 111 13 122 17 132 15 163 3 192 10 207 17 216 42 239 54 249 56 269 56 276 17 293 51 317 27 333 33 349 3 365 56 
31 44 52 34 68 44 85 60 112 26 123 21 133 63 164 26 177 32 208 39 217 6 240 44 250 37 270 30 277 8 294 52 318 53 334 28 350 22 366 23 
32 15 53 50 69 23 86 21 97 24 124 44 134 16 165 30 178 46 193 39 218 62 225 8 251 2 271 39 278 33 295 4 319 12 335 13 351 44 367 15 
17 6 54 57 70 46 87 29 98 49 125 14 135 48 166 55 179 13 194 22 219 12 226 31 252 39 272 52 279 31 296 55 320 33 336 46 352 32 368 57 
9 53 30 61 46 16 49 50 76 41 100 27 134 27 149 13 176 7 187 18 206 38 210 60 239 28 254 38 267 34 287 53 300 41 307 49 353 4 369 59 
10 14 31 54 47 11 50 46 77 10 101 59 135 24 150 53 161 20 188 51 207 57 211 10 240 57 255 32 268 28 288 11 301 35 308 54 354 1 370 29 
11 29 32 62 48 3 51 24 78 16 102 15 136 59 151 38 162 13 189 4 208 34 212 38 225 35 256 46 269 43 273 33 302 28 309 58 355 36 371 11 
12 58 17 44 33 45 52 26 79 13 103 51 137 53 152 37 163 40 190 4 193 7 213 9 226 37 241 61 270 13 274 17 303 37 310 8 356 53 372 50 
13 32 18 42 34 60 53 10 80 58 104 34 138 12 153 36 164 44 191 59 194 57 214 20 227 2 242 27 271 32 275 24 304 43 311 55 357 25 373 15 
14 2 19 40 35 49 54 18 65 4 105 45 139 30 154 7 165 62 192 16 195 34 215 2 228 5 243 40 272 48 276 13 289 11 312 52 358 61 374 38 
15 50 20 62 36 37 55 57 66 1 106 51 140 58 155 6 166 39 177 39 196 59 216 27 229 61 244 45 257 29 277 32 290 7 313 8 359 33 375 60 
16 38 21 18 37 60 56 58 67 27 107 26 141 41 156 36 167 26 178 21 197 2 217 16 230 19 245 12 258 46 278 15 291 56 314 22 360 26 376 36 
1 56 22 54 38 13 57 13 68 11 108 56 142 44 157 3 168 4 179 1 198 45 218 56 231 28 246 55 259 1 279 1 292 4 315 20 361 15 377 22 
2 22 23 48 39 50 58 27 69 33 109 1 143 53 158 35 169 3 180 26 199 14 219 62 232 8 247 37 260 59 280 38 293 8 316 9 362 55 378 9 
3 3 24 41 40 21 59 13 70 50 110 20 144 23 159 13 170 57 181 50 200 38 220 50 233 61 248 13 261 33 281 16 294 3 317 13 363 41 379 41 
4 33 25 61 41 43 60 53 71 27 111 21 129 15 160 55 171 17 182 58 201 31 221 61 234 10 249 29 262 55 282 54 295 39 318 3 364 53 380 48 
5 25 26 63 42 54 61 48 72 63 112 61 130 10 145 8 172 14 183 45 202 41 222 49 235 17 250 16 263 46 283 54 296 38 319 2 365 39 381 56 
6 21 27 5 43 57 62 19 73 6 97 49 131 23 146 15 173 10 184 23 203 48 223 24 236 19 251 45 264 12 284 58 297 56 320 41 366 7 382 57 
7 20 28 27 44 3 63 24 74 7 98 22 132 53 147 60 174 7 185 59 204 49 224 38 237 27 252 41 265 20 285 60 298 20 305 1 367 46 383 39 
8 50 29 24 45 41 64 26 75 25 99 63 133 10 148 63 175 6 186 19 205 4 209 38 238 24 253 7 266 11 286 9 299 7 306 4 368 25 384 37 
9 3 41 52 51 19 87 24 99 27 114 6 130 10 148 47 169 59 192 45 197 58 224 54 234 30 246 12 271 5 288 51 290 41 316 56 334 37 369 61 
10 35 42 17 52 6 88 53 100 50 115 28 131 23 149 27 170 28 177 52 198 47 209 9 235 27 247 1 272 49 273 54 291 9 317 17 335 19 370 40 
11 37 43 8 53 52 89 26 101 20 116 17 132 9 150 37 171 31 178 8 199 55 210 24 236 1 248 42 257 38 274 2 292 8 318 7 336 36 371 12 
12 40 44 18 54 27 90 16 102 16 117 18 133 57 151 9 172 36 179 51 200 12 211 1 237 50 249 42 258 46 275 45 293 49 319 44 321 34 372 36 
13 13 45 6 55 27 91 49 103 18 118 59 134 56 152 20 173 34 180 2 201 40 212 9 238 34 250 29 259 44 276 54 294 57 320 57 322 47 373 37 
14 6 46 35 56 12 92 35 104 27 119 20 135 22 153 51 174 46 181 21 202 32 213 34 239 17 251 60 260 63 277 11 295 51 305 38 323 13 374 1 
15 7 47 10 57 17 93 30 105 60 120 32 136 52 154 5 175 36 182 3 203 29 214 49 240 32 252 9 261 11 278 26 296 36 306 45 324 5 375 22 
16 26 48 18 58 42 94 10 106 21 121 15 137 39 155 43 176 51 183 39 204 35 215 62 225 40 253 6 262 54 279 48 297 47 307 26 325 8 376 29 
1 27 33 4 59 28 95 13 107 7 122 26 138 51 156 5 161 13 184 31 205 33 216 41 226 37 254 18 263 36 280 45 298 59 308 39 326 2 377 49 
2 24 34 7 60 49 96 24 108 45 123 9 139 20 157 46 162 52 185 39 206 59 217 61 227 53 255 13 264 44 281 59 299 43 309 60 327 59 378 7 
3 11 35 1 61 17 81 34 109 12 124 41 140 20 158 50 163 43 186 29 207 29 218 48 228 23 256 15 265 55 282 38 300 55 310 37 328 30 379 55 
4 28 36 38 62 52 82 8 110 50 125 47 141 10 159 33 164 43 187 22 208 53 219 22 229 8 241 8 266 15 283 11 301 45 311 25 329 46 380 16 
5 8 37 55 63 11 83 35 111 56 126 63 142 54 160 39 165 2 188 52 193 55 220 30 230 12 242 40 267 28 284 55 302 36 312 57 330 47 381 45 
6 35 38 3 64 46 84 42 112 15 127 51 143 16 145 41 166 34 189 41 194 61 221 57 231 36 243 59 268 9 285 11 303 58 313 63 331 23 382 45 
7 31 39 44 49 17 85 61 97 35 128 38 144 31 146 51 167 5 190 45 195 9 222 32 232 14 244 1 269 31 286 4 304 60 314 27 332 46 383 53 
8 8 40 12 50 58 86 8 98 28 113 48 129 40 147 34 168 41 191 54 196 58 223 51 233 16 245 44 270 45 287 7 289 56 315 14 333 5 384 15 
