273 82 64
4 14
4 4 4 4 4 4 4 4 4 4 4 4 4 4 4 4 4 4 4 4 4 4 4 4 4 4 4 4 4 4 4 4 4 4 4 4 4 4 4 4 4 4 4 4 4 4 4 4 4 4 4 4 4 4 4 4 4 4 4 4 4 4 4 4 4 4 4 4 4 4 4 4 4 4 4 4 4 4 4 4 4 4 4 4 4 4 4 4 4 4 4 4 4 4 4 4 4 4 4 4 4 4 4 4 4 4 4 4 4 4 4 4 4 4 4 4 4 4 4 4 4 4 4 4 4 4 4 4 4 4 4 4 4 4 4 4 4 4 4 4 4 4 4 4 4 4 4 4 4 4 4 4 4 4 4 4 4 4 4 4 4 4 4 4 4 4 4 4 4 4 4 4 4 4 4 4 4 4 4 4 4 4 4 4 4 4 4 4 4 4 4 4 4 4 4 4 4 4 4 4 4 4 4 4 4 4 4 4 4 4 4 4 4 4 4 4 4 4 4 4 4 4 4 4 4 4 4 4 4 4 4 4 4 4 4 4 4 4 4 4 4 4 4 4 4 4 4 4 4 4 4 4 4 4 4 4 4 4 4 4 4 4 4 4 4 4 4 4 4 4 4 4 4 
14 14 14 14 14 14 14 14 14 14 14 14 14 14 14 14 14 14 14 14 14 14 14 14 14 14 13 13 13 13 13 13 13 13 13 13 13 13 13 13 13 13 13 13 13 13 13 13 13 13 13 13 13 13 13 13 13 13 13 13 13 13 13 13 13 13 13 13 13 13 13 13 13 13 13 13 13 13 13 13 13 13 
73 8 1 12 67 37 26 5 
25 56 14 44 5 5 81 21 
32 60 81 36 13 17 8 1 
34 51 57 40 65 48 45 59 
81 11 23 1 71 58 47 36 
9 55 22 20 25 27 60 13 
15 37 66 39 20 61 52 22 
22 62 1 58 54 10 16 46 
28 57 30 6 75 30 51 22 
35 46 18 53 55 45 3 17 
33 20 19 7 11 19 42 47 
63 23 35 29 61 57 72 54 
76 15 36 18 26 2 57 23 
59 21 46 8 31 43 8 39 
28 36 64 54 15 61 67 59 
74 58 13 61 76 54 40 30 
4 51 8 14 37 7 43 9 
24 17 14 22 72 10 58 34 
36 51 35 35 1 59 12 37 
63 52 49 1 46 27 5 6 
39 34 27 39 58 62 43 62 
23 5 62 45 10 38 70 7 
66 27 55 61 5 8 82 48 
17 41 51 58 64 10 6 18 
19 25 68 58 41 61 44 48 
69 44 57 38 43 54 50 9 
38 8 44 58 21 54 51 23 
15 47 4 32 25 29 49 30 
24 23 29 38 5 60 9 39 
20 26 21 56 29 14 11 12 
71 15 56 44 62 21 20 21 
82 17 75 33 24 41 70 51 
2 9 56 27 77 30 50 37 
65 27 27 24 18 6 26 48 
28 32 3 27 17 14 31 41 
6 25 33 21 7 50 43 14 
36 54 73 45 21 36 27 10 
32 46 54 10 46 42 10 12 
6 22 73 8 47 52 78 53 
44 43 40 3 77 57 61 49 
80 23 27 43 12 22 68 36 
42 13 27 33 35 8 37 42 
74 43 11 51 64 10 24 45 
28 45 76 19 35 9 52 51 
20 41 73 2 10 1 81 12 
16 6 61 61 78 21 32 12 
73 32 14 24 74 60 7 59 
54 39 49 44 58 3 68 16 
45 50 5 51 53 42 20 34 
22 60 23 12 6 28 48 20 
37 62 53 42 79 26 78 49 
76 38 18 23 10 37 33 10 
12 34 30 17 3 5 67 19 
16 34 77 9 15 58 7 60 
59 28 50 49 80 31 22 53 
76 18 37 8 14 14 55 55 
53 8 2 51 21 46 61 53 
38 56 47 51 13 45 58 19 
65 49 51 20 79 49 76 32 
19 25 34 45 55 27 2 1 
51 34 37 22 63 14 77 22 
19 16 74 40 53 15 36 60 
38 17 3 10 39 23 70 33 
12 1 72 8 9 50 66 55 
48 46 62 20 44 43 65 6 
52 21 26 1 4 8 42 46 
41 4 63 60 9 13 58 44 
75 30 72 42 32 28 7 53 
48 59 71 28 75 7 40 28 
55 57 60 46 41 28 50 38 
72 28 20 28 48 44 69 38 
29 31 33 59 13 35 53 28 
33 5 12 2 25 41 62 3 
74 1 58 36 5 53 50 29 
1 21 14 8 8 4 19 17 
21 44 22 16 24 16 79 57 
39 11 55 53 28 41 42 8 
30 13 16 61 23 3 2 51 
45 24 41 51 82 54 21 44 
18 38 66 46 79 29 34 38 
60 40 70 61 44 31 20 31 
59 9 56 62 43 28 11 10 
79 28 77 41 8 47 25 53 
69 13 17 17 75 5 52 6 
34 17 1 13 52 57 37 51 
18 27 75 9 9 41 80 43 
11 3 37 34 62 48 18 47 
1 25 47 13 40 55 46 35 
70 24 59 26 14 31 69 62 
64 36 3 16 66 43 40 23 
49 10 19 42 26 20 72 46 
71 62 82 60 13 15 30 23 
81 1 38 19 66 9 4 35 
21 51 16 24 33 5 52 23 
61 28 81 35 60 8 31 1 
82 25 22 16 44 59 49 1 
74 37 27 53 69 6 4 53 
30 56 7 22 52 38 63 9 
18 61 57 21 2 47 41 60 
52 51 8 45 57 17 39 55 
4 62 32 30 11 8 53 36 
47 55 7 51 67 33 20 31 
67 15 70 38 19 10 51 61 
26 11 23 52 25 38 3 61 
24 28 31 3 56 57 54 57 
22 54 29 8 15 31 70 36 
13 9 19 25 15 18 59 33 
64 11 49 26 43 12 48 7 
66 30 14 63 22 50 42 5 
11 23 54 3 44 30 6 51 
71 40 46 5 77 17 6 12 
35 30 26 17 80 51 40 25 
56 55 45 61 17 12 58 17 
18 18 20 40 32 53 30 8 
24 36 10 38 38 38 43 46 
17 15 9 58 55 47 65 1 
21 18 15 21 57 62 9 43 
79 36 14 62 30 28 11 29 
16 44 65 12 49 17 67 49 
63 41 57 16 54 53 64 38 
27 45 2 55 17 63 76 6 
22 28 38 23 55 26 71 25 
61 8 13 59 41 18 43 15 
17 24 16 27 53 39 70 25 
26 38 41 45 77 21 54 34 
69 39 5 25 21 26 12 38 
26 33 61 52 58 1 29 55 
69 60 61 47 34 52 80 22 
80 6 8 18 24 58 2 55 
79 60 16 52 4 17 5 21 
73 60 77 48 31 42 30 48 
8 57 12 28 38 9 74 29 
65 41 25 59 73 16 64 35 
46 19 82 43 18 26 23 58 
58 27 57 52 71 46 42 56 
10 7 15 41 72 55 60 29 
28 26 80 53 78 44 25 26 
8 10 11 14 60 45 7 11 
73 46 38 41 33 50 79 33 
79 42 39 47 32 20 40 50 
13 52 50 30 48 53 7 10 
42 8 23 32 36 9 32 6 
75 57 62 23 4 54 73 37 
39 57 7 25 37 43 80 56 
51 19 36 51 13 23 56 48 
23 13 19 27 57 9 35 23 
68 4 31 27 6 28 39 40 
17 39 29 19 39 11 63 2 
54 16 59 1 3 3 29 3 
22 34 5 35 34 60 51 23 
12 7 56 58 34 59 60 58 
32 42 14 31 17 43 77 15 
39 56 12 18 2 63 49 18 
68 22 78 56 62 36 50 29 
27 2 60 19 47 15 24 62 
49 63 10 17 6 2 29 12 
63 46 1 29 3 18 11 11 
25 33 17 47 1 54 74 53 
36 53 41 11 8 62 28 13 
31 27 35 61 33 9 34 62 
3 5 9 39 76 11 4 19 
45 59 70 28 54 51 35 29 
67 47 36 19 45 25 10 6 
64 25 45 13 14 31 68 43 
48 29 60 53 38 8 59 34 
27 50 55 41 72 58 59 10 
78 40 67 9 76 15 56 36 
9 12 78 42 33 51 36 57 
2 24 72 50 28 42 71 36 
62 41 82 56 40 12 16 27 
47 42 15 6 69 7 18 16 
64 44 4 46 80 29 31 50 
65 19 37 35 5 40 10 41 
82 14 50 30 28 44 10 5 
6 1 61 56 42 2 56 7 
47 39 25 7 51 41 16 18 
68 37 47 47 3 34 53 23 
24 30 26 25 66 16 71 4 
23 43 20 37 65 59 1 50 
2 37 45 48 62 60 46 16 
45 45 19 16 48 37 12 2 
68 49 75 11 34 44 13 35 
78 50 41 58 46 12 7 30 
21 59 30 56 50 63 46 27 
69 21 6 42 53 61 40 45 
29 44 74 16 31 41 42 44 
75 37 63 51 44 46 66 11 
81 37 9 42 67 13 43 8 
15 2 78 50 81 47 1 46 
59 62 23 44 52 60 44 8 
81 8 48 56 82 29 68 60 
41 29 6 54 59 15 35 56 
19 3 16 16 63 22 56 11 
64 44 22 25 75 45 8 27 
9 52 10 1 1 40 53 16 
32 3 76 53 71 4 25 43 
28 15 56 26 7 21 44 51 
41 10 11 29 27 34 52 9 
50 29 40 49 72 8 29 14 
3 51 42 4 44 10 73 42 
81 9 45 57 39 36 18 43 
33 1 60 25 40 27 51 34 
36 44 66 50 43 52 65 10 
37 55 61 5 66 5 48 24 
68 11 55 21 23 36 63 37 
42 13 40 56 38 49 49 37 
43 21 82 44 1 40 29 37 
57 2 79 47 44 29 72 45 
15 1 14 57 82 28 54 61 
4 50 24 44 65 28 59 9 
2 55 74 2 35 48 78 9 
51 1 15 18 46 34 80 50 
80 29 38 10 30 21 17 51 
22 15 63 54 13 29 18 13 
55 28 48 9 53 45 58 26 
18 8 72 42 77 40 74 28 
5 53 13 26 80 27 23 33 
25 13 20 32 31 28 57 20 
50 35 19 43 6 36 24 56 
12 41 4 47 58 52 20 12 
17 4 61 60 54 13 12 22 
39 34 25 18 10 31 35 40 
49 7 79 58 1 8 13 36 
67 35 13 41 69 61 25 29 
7 51 59 58 58 59 36 54 
5 41 35 43 67 42 8 36 
2 50 11 13 31 2 70 13 
26 23 2 51 59 18 5 42 
33 31 75 42 20 40 54 14 
17 52 66 34 33 52 47 12 
65 40 28 48 53 11 81 41 
38 52 2 45 32 22 9 39 
33 6 30 19 27 47 70 39 
24 52 73 59 17 12 34 26 
45 11 66 59 8 29 78 11 
14 61 27 17 31 63 62 41 
29 15 37 53 68 31 57 5 
48 41 28 8 47 4 11 48 
78 38 5 54 19 20 38 30 
64 55 46 25 44 35 36 11 
62 40 34 18 58 51 6 53 
30 38 76 31 62 31 47 2 
6 25 80 58 45 37 16 1 
14 28 75 4 3 57 78 56 
73 57 37 56 12 59 22 24 
8 15 63 47 42 49 34 31 
47 52 39 55 77 4 21 52 
34 62 81 58 64 3 41 15 
54 5 4 31 71 15 67 55 
52 28 70 49 61 38 46 13 
43 25 55 6 45 12 30 21 
36 60 15 29 50 23 61 31 
79 48 71 53 12 26 10 3 
77 2 29 34 65 61 60 34 
51 25 4 22 50 34 14 63 
46 22 56 36 72 1 3 42 
9 50 49 7 37 51 23 9 
68 33 70 31 32 18 26 58 
18 32 7 53 40 10 19 11 
42 7 24 54 7 2 76 41 
11 58 49 54 77 26 55 12 
3 25 51 58 81 33 69 28 
74 48 15 12 75 61 23 22 
9 40 69 4 31 16 82 6 
26 4 21 62 74 6 60 33 
16 40 73 25 28 57 69 14 
26 61 82 37 79 54 20 26 
39 31 41 9 16 37 71 44 
52 2 60 11 32 58 67 19 
64 16 52 7 62 12 53 4 
68 25 43 43 76 34 21 46 
22 50 27 1 10 49 57 47 
48 46 56 17 1 2 21 63 
273 2 223 8 207 40 195 40 189 46 179 50 158 54 157 29 88 25 85 13 75 21 19 59 8 58 1 12 
232 45 228 51 227 50 211 55 180 37 169 24 153 63 129 55 121 55 99 47 78 51 60 1 57 51 33 9 
262 25 256 42 244 57 200 51 177 34 161 5 157 18 149 3 104 61 90 16 63 10 53 5 35 27 10 17 
255 22 249 31 220 47 210 50 172 46 161 19 143 54 130 17 101 62 97 53 93 35 66 8 28 32 17 51 
239 54 228 42 226 41 217 53 173 40 150 35 130 21 126 25 74 53 49 51 29 60 23 8 20 6 2 5 
243 25 241 53 219 36 192 54 185 42 175 1 156 2 147 28 111 12 110 51 50 28 39 22 36 25 24 18 
260 2 259 53 225 51 197 21 183 30 144 25 141 10 138 11 102 51 98 22 68 53 54 60 47 59 36 50 
246 15 235 29 226 36 194 27 159 62 138 10 132 57 129 18 100 45 83 47 75 4 17 14 14 39 3 1 
264 40 257 50 232 39 195 52 188 42 168 12 161 39 117 43 116 58 86 41 67 13 64 50 29 39 6 55 
272 49 253 3 222 31 195 1 174 5 173 41 163 6 156 17 136 7 115 38 52 37 45 1 38 12 22 38 
261 58 238 48 227 13 198 29 157 11 138 14 118 29 110 23 101 8 87 3 82 10 43 51 30 12 11 19 
253 26 245 59 221 22 220 41 181 2 153 18 151 7 132 28 126 38 73 2 64 1 53 34 41 22 19 37 
224 41 223 36 217 26 214 29 182 35 145 23 141 52 123 59 107 9 92 15 72 35 58 45 16 61 3 17 
255 63 244 28 236 61 209 57 164 31 152 31 118 62 109 63 89 31 75 8 56 14 47 24 18 22 2 44 
263 12 252 29 212 18 209 1 189 2 171 6 136 41 117 21 107 18 106 31 54 58 28 47 15 61 7 37 
268 37 266 40 243 1 193 16 176 18 170 27 130 52 124 27 119 44 94 24 78 61 54 34 46 6 8 46 
234 12 230 52 221 4 213 51 158 47 152 43 148 39 124 24 121 63 116 15 113 12 84 17 35 14 24 41 
259 32 216 8 214 13 201 43 171 16 134 26 114 18 99 61 87 47 86 27 80 38 52 23 34 6 10 53 
259 11 239 20 219 43 193 3 181 16 146 27 107 25 103 10 91 42 75 17 62 16 60 25 25 25 11 7 
267 26 229 40 220 12 218 32 179 37 114 40 102 31 81 31 71 28 49 34 45 41 31 21 30 26 7 61 
273 63 271 46 265 62 247 52 184 59 126 26 117 18 94 51 79 44 76 44 57 46 37 36 30 56 27 54 
272 50 245 24 214 15 194 25 150 34 122 28 109 50 106 54 96 16 76 16 55 53 50 60 8 62 6 20 
263 22 257 9 217 33 205 36 190 44 179 43 146 13 142 32 134 58 104 52 78 3 50 12 22 5 5 1 
260 54 234 52 219 56 210 44 178 30 155 62 129 58 115 36 105 28 76 16 43 45 32 41 29 23 18 17 
224 29 222 18 218 13 196 43 176 7 158 33 137 26 133 59 104 38 83 53 73 41 28 29 6 27 2 56 
267 61 265 4 258 58 228 23 178 25 127 33 125 38 112 17 104 11 91 20 66 1 34 48 13 2 1 5 
272 1 236 17 233 47 198 34 166 50 155 2 121 45 97 53 42 33 41 43 37 10 34 24 21 39 
266 57 238 8 231 48 197 15 174 44 169 42 159 13 137 26 77 41 44 45 35 32 15 36 9 57 
254 34 237 15 207 37 199 14 186 44 156 12 149 3 148 19 127 55 106 8 72 31 30 14 29 38 
251 21 242 38 233 19 213 21 184 56 131 48 118 28 114 8 98 56 92 23 78 13 53 17 9 6 
264 16 236 63 227 2 218 28 186 41 172 50 160 27 147 27 131 42 105 3 95 1 35 41 14 43 
269 58 258 18 232 22 196 3 152 42 142 6 140 20 114 53 101 30 68 28 46 12 38 46 3 60 
233 6 230 52 229 31 202 1 168 51 160 9 139 50 94 5 73 5 72 59 52 10 36 21 11 20 
248 62 246 31 241 18 234 26 182 44 160 62 151 59 150 60 128 52 85 17 80 38 60 45 4 51 
226 43 222 40 211 48 192 56 162 29 160 61 146 23 112 30 44 9 42 8 19 35 12 29 10 46 
252 60 240 11 225 54 203 44 168 57 163 19 159 53 145 51 142 9 62 60 37 54 19 51 13 18 
257 51 245 56 237 53 204 55 173 35 144 43 87 34 85 51 61 22 56 8 51 62 42 42 17 7 
239 30 232 52 213 10 206 49 165 8 139 41 132 9 122 23 115 38 93 19 63 17 58 56 27 8 
268 31 247 55 222 34 201 36 153 56 148 11 147 40 144 57 140 47 100 55 77 11 63 23 21 34 
259 10 206 56 202 27 199 49 185 45 170 12 140 50 112 25 90 23 88 55 69 28 40 3 16 30 
268 9 248 15 198 10 192 29 183 58 159 11 125 45 123 18 99 60 79 51 70 28 67 4 25 61 
260 7 246 49 206 13 200 4 186 44 175 2 142 8 135 56 109 5 77 8 66 46 42 13 11 47 
271 43 251 25 207 21 203 52 188 8 123 15 115 46 108 12 82 28 36 14 26 54 21 62 17 9 
240 35 208 29 200 10 197 51 190 8 187 46 110 30 96 59 81 31 65 43 40 43 27 58 25 48 
251 12 243 37 235 11 201 57 181 45 180 48 164 13 163 25 162 59 113 61 79 24 49 50 4 59 
256 22 250 13 240 25 212 34 184 27 183 12 180 16 134 19 111 5 88 35 38 42 20 27 14 8 
247 52 242 2 238 4 230 12 177 47 176 39 171 42 155 15 102 55 88 13 58 51 39 52 5 36 
273 46 238 41 215 9 204 24 191 56 181 37 165 29 141 53 108 7 71 44 69 59 65 46 50 20 
261 54 257 7 223 7 206 37 156 63 153 18 119 17 108 26 96 1 91 10 48 44 28 30 20 1 
255 34 252 23 219 35 199 29 184 63 174 30 154 29 141 30 74 29 70 38 55 49 33 37 26 9 
262 58 255 25 212 1 202 34 176 41 150 23 145 19 103 61 61 34 59 20 27 23 24 58 9 22 
270 7 269 2 250 28 198 9 190 60 100 51 98 38 94 23 85 57 84 6 66 21 44 51 7 22 
270 4 231 11 215 45 195 16 185 61 177 23 124 39 101 36 72 28 62 15 57 8 51 42 49 42 
249 5 229 14 221 13 209 61 162 51 149 16 125 34 120 53 110 3 105 57 48 39 38 10 8 10 
261 12 251 6 215 28 205 21 166 41 122 26 116 47 77 53 70 57 60 27 56 55 23 61 10 45 
273 17 256 36 197 26 193 11 175 7 167 36 151 58 145 48 113 55 105 57 82 62 33 27 31 44 
272 47 237 5 218 20 208 2 146 9 135 52 120 16 117 62 100 17 99 21 26 38 13 23 4 40 
241 51 225 59 220 52 215 26 135 27 127 1 113 17 74 36 67 44 58 19 48 3 21 62 18 34 
228 18 225 58 210 9 192 15 190 62 166 10 165 34 149 1 107 33 89 26 82 9 55 28 14 21 
269 11 265 33 254 34 202 25 165 53 155 19 151 58 138 45 136 29 95 8 81 40 70 46 6 13 
252 31 250 38 221 60 204 5 175 56 128 47 127 52 123 8 95 28 57 53 46 61 40 49 12 57 
270 12 242 31 241 40 236 41 180 60 170 41 154 36 143 23 87 48 73 3 65 20 31 21 22 45 
246 47 214 54 205 37 193 22 187 51 157 46 148 2 120 41 98 9 67 60 61 14 20 52 12 23 
270 16 248 3 240 55 194 44 172 44 164 25 133 35 120 38 108 11 90 36 43 10 24 10 15 54 
254 61 231 40 210 28 203 10 179 59 173 19 133 41 119 12 116 1 65 6 59 49 34 27 4 48 
235 59 230 34 204 5 203 50 187 11 178 16 109 30 93 9 90 43 80 46 64 55 23 27 7 39 
269 19 249 55 226 42 224 35 188 13 167 9 163 47 119 49 103 15 102 33 53 19 15 59 1 37 
271 25 258 33 237 31 205 11 191 60 182 49 177 37 164 43 154 22 147 4 48 16 41 36 25 58 
266 14 264 4 262 28 224 61 185 21 171 7 128 60 126 39 97 6 89 62 84 13 71 38 26 44 
258 31 250 49 233 39 227 13 162 28 124 25 106 36 103 38 89 24 81 61 63 33 32 51 22 7 
268 44 253 53 249 15 196 4 178 4 169 36 135 46 122 25 111 40 92 62 69 28 31 15 5 58 
256 1 216 42 208 45 199 8 169 50 166 58 136 55 91 46 71 28 68 42 64 8 18 10 12 54 
266 25 245 57 234 59 200 42 143 37 139 46 133 16 131 60 47 32 45 2 39 8 37 45 1 8 
265 6 263 48 216 28 211 2 186 16 158 53 132 29 97 37 74 1 62 40 47 60 43 43 16 58 
263 61 244 4 229 42 194 45 187 37 182 11 143 57 86 9 84 5 69 7 68 30 32 33 9 30 
271 34 260 41 242 31 196 53 167 15 161 11 121 6 59 32 56 18 52 38 44 19 16 54 13 15 
261 26 254 2 247 4 216 40 152 15 131 48 125 21 111 17 83 41 61 22 54 9 40 57 33 30 
244 56 239 38 235 11 211 9 189 50 183 50 168 42 167 40 154 56 137 44 51 49 46 21 39 53 
267 54 253 48 223 58 208 47 140 42 139 33 130 60 118 36 83 28 80 29 76 57 59 49 51 26 
243 58 217 27 213 29 212 50 172 29 144 56 137 53 129 6 128 22 112 51 86 43 55 31 41 23 
262 33 248 58 231 41 201 9 191 8 189 47 188 37 95 35 93 1 45 12 5 11 3 36 2 21 
267 37 264 6 209 28 207 44 191 29 174 14 170 56 134 43 96 25 92 60 79 54 32 17 23 48 
