63 62 61 60 59 58 57 55 54 53 51 47 31 45 43 46 39 30 29 27 52 56 50 23 49 44 42 41 38 37 15 28 26 35 25 22 48 21 40 19 36 14 34 13 24 33 20 11 18 7 17 12 32 10 9 6 16 5 3 8 4 2 1 0 

63 62 61 60 59 58 57 55 54 53 51 47 31 45 43 46 39 30 29 27 52 56 50 23 44 49 42 41 38 37 15 28 26 35 25 22 48 21 40 19 36 14 34 13 24 33 20 11 18 7 17 12 32 10 9 6 16 5 3 8 4 2 1 0 

0.000000000000 0.000000000000 0.000000000000 0.000000000000 0.000000000000 0.000000000000 0.000000000000 0.000000050048 0.000000000000 0.000000000000 0.000000000000 0.000000033139 0.000000000000 0.000000950680 0.000003326600 0.005763900000 0.000000000000 0.000000000000 0.000000000000 0.000003632100 0.000000000000 0.000009989700 0.000015121000 0.013008000000 0.000000000000 0.000048770000 0.000075527000 0.030355000000 0.000640500000 0.071452000000 0.151400000000 0.699980000000 0.000000000000 0.000000000000 0.000000000001 0.000253440000 0.000000000107 0.000539210000 0.001096600000 0.094470000000 0.000002722600 0.003152200000 0.006403700000 0.200410000000 0.029587000000 0.369540000000 0.548130000000 0.952920000000 0.000230800000 0.041667000000 0.085657000000 0.560610000000 0.223170000000 0.770080000000 0.875270000000 0.997710000000 0.483040000000 0.934660000000 0.970330000000 0.999920000000 0.987010000000 0.999990000000 0.999990000000 1.000000000000 

0.000000000000 0.000000000000 0.000000000000 0.000000000000 0.000000000000 0.000000000000 0.000000000000 0.000000024605 0.000000000000 0.000000000000 0.000000000000 0.000000013729 0.000000000000 0.000001010300 0.000007414300 0.011662000000 0.000000000000 0.000000000000 0.000000000000 0.000006635500 0.000000000000 0.000022126000 0.000040938000 0.026603000000 0.000000000000 0.000098754000 0.000155900000 0.058677000000 0.001373600000 0.128110000000 0.246940000000 0.842670000000 0.000000000000 0.000000000000 0.000000000000 0.000472840000 0.000000000029 0.001105900000 0.002239300000 0.167880000000 0.000004101700 0.006483300000 0.012102000000 0.319650000000 0.051798000000 0.520980000000 0.701390000000 0.970210000000 0.000417030000 0.074160000000 0.141840000000 0.712680000000 0.335450000000 0.871030000000 0.936670000000 0.983930000000 0.643910000000 0.962960000000 0.976920000000 0.984370000000 0.981820000000 0.984370000000 0.984370000000 0.984370000000 

N_obs: 80000

File Format:
1- most to least reliable channels (taken entropies)
2- most to least reliable channels (taken error probabilities)
3- channels entropies (flipped)
4- channels error probabilities (flipped)
5- number of MontCarlo simulations
