63 62 61 60 59 58 57 55 54 47 31 53 51 46 43 45 39 30 29 27 56 52 50 49 44 23 42 41 38 37 28 15 26 35 25 48 22 40 21 36 19 14 34 24 13 33 20 11 18 7 17 12 32 10 9 6 16 5 3 8 4 2 1 0 

63 62 61 60 59 58 57 55 54 47 31 53 51 46 43 45 39 30 29 27 56 52 50 44 49 23 42 41 38 37 28 15 26 35 25 48 22 40 21 36 19 14 34 24 13 33 20 11 18 7 17 12 32 10 9 6 16 5 3 8 4 0 2 1 

0.000000000000 0.000000000000 0.000000000000 0.000000000000 0.000000000000 0.000000000000 0.000000000000 0.000001123700 0.000000000000 0.000000000000 0.000000000000 0.000002692800 0.000000000000 0.000006161700 0.000012373000 0.015410000000 0.000000000000 0.000000000000 0.000000000003 0.000020230000 0.000000000000 0.000049058000 0.000126240000 0.035696000000 0.000000000017 0.000413660000 0.000812780000 0.084290000000 0.005397600000 0.184960000000 0.334630000000 0.867940000000 0.000000000000 0.000000007110 0.000000044632 0.001666100000 0.000000184250 0.003650200000 0.007909500000 0.223030000000 0.000038964000 0.019596000000 0.040895000000 0.424250000000 0.131000000000 0.648690000000 0.793260000000 0.992830000000 0.003550200000 0.149960000000 0.267540000000 0.810270000000 0.488200000000 0.933570000000 0.968700000000 0.999890000000 0.720980000000 0.987130000000 0.994440000000 1.000000000000 0.997520000000 1.000000000000 1.000000000000 1.000000000000 

0.000000000000 0.000000000000 0.000000000000 0.000000000000 0.000000000000 0.000000000000 0.000000000000 0.000000731220 0.000000000000 0.000000000000 0.000000000000 0.000004985100 0.000000000000 0.000007986700 0.000043179000 0.031405000000 0.000000000000 0.000000000000 0.000000000001 0.000038945000 0.000000000000 0.000095152000 0.000326870000 0.070258000000 0.000000000004 0.000920730000 0.001555100000 0.151990000000 0.010164000000 0.297940000000 0.486240000000 0.936990000000 0.000000000000 0.000000002883 0.000000022648 0.003216100000 0.000000093967 0.007474300000 0.015232000000 0.355400000000 0.000045725000 0.035873000000 0.071896000000 0.584030000000 0.207470000000 0.783600000000 0.891250000000 0.982760000000 0.006691300000 0.240740000000 0.392120000000 0.896650000000 0.643600000000 0.961460000000 0.975950000000 0.984350000000 0.851950000000 0.981440000000 0.983330000000 0.984370000000 0.983980000000 0.984380000000 0.984380000000 0.984380000000 

N_obs: 80000

File Format:
1- most to least reliable channels (taken entropies)
2- most to least reliable channels (taken error probabilities)
3- channels entropies (flipped)
4- channels error probabilities (flipped)
5- number of MontCarlo simulations
