63 62 61 60 59 58 57 55 54 53 51 47 46 45 43 39 31 29 30 27 52 50 23 56 49 44 38 42 41 37 15 28 35 26 25 22 21 48 19 40 14 36 13 34 24 33 11 20 18 7 17 12 10 32 9 6 16 5 3 8 4 2 1 0 

63 62 61 60 59 58 57 55 54 53 51 47 46 45 43 39 31 29 30 27 52 50 23 56 49 44 38 42 37 15 41 28 35 26 25 22 21 48 19 40 14 36 13 34 24 33 11 20 18 7 17 12 10 32 9 6 16 5 3 8 4 2 1 0 

0.000000000000 0.000000000000 0.000000000000 0.000000000000 0.000000000000 0.000000000000 0.000000000000 0.000000009057 0.000000000000 0.000000000000 0.000000000000 0.000000000905 0.000000000000 0.000000000995 0.000000019186 0.001847900000 0.000000000000 0.000000000000 0.000000000000 0.000000055743 0.000000000000 0.000000763030 0.000001869800 0.004005400000 0.000000000000 0.000000356550 0.000004190500 0.009050800000 0.000043005000 0.022159000000 0.052490000000 0.490970000000 0.000000000000 0.000000000000 0.000000000000 0.000018960000 0.000000000000 0.000052903000 0.000122760000 0.032163000000 0.000000008016 0.000303200000 0.000575090000 0.071718000000 0.003589400000 0.152310000000 0.278130000000 0.824790000000 0.000007133200 0.007161500000 0.015593000000 0.287190000000 0.060144000000 0.485780000000 0.657930000000 0.975760000000 0.225740000000 0.776430000000 0.882080000000 0.998090000000 0.945800000000 0.999720000000 0.999870000000 1.000000000000 

0.000000000000 0.000000000000 0.000000000000 0.000000000000 0.000000000000 0.000000000000 0.000000000000 0.000000003863 0.000000000000 0.000000000000 0.000000000000 0.000000000287 0.000000000000 0.000000000291 0.000000008222 0.003755400000 0.000000000000 0.000000000000 0.000000000000 0.000000027817 0.000000000000 0.000000691110 0.000011317000 0.008238300000 0.000000000000 0.000000183970 0.000010115000 0.018051000000 0.000103650000 0.043313000000 0.094363000000 0.677980000000 0.000000000000 0.000000000000 0.000000000000 0.000044969000 0.000000000000 0.000116160000 0.000282130000 0.061498000000 0.000000003121 0.000631410000 0.001089800000 0.128940000000 0.006710600000 0.248830000000 0.411890000000 0.911050000000 0.000010691000 0.013600000000 0.028791000000 0.429720000000 0.100850000000 0.640870000000 0.791710000000 0.977600000000 0.341810000000 0.877950000000 0.940620000000 0.983990000000 0.970120000000 0.984340000000 0.984350000000 0.984380000000 

N_obs: 80000

File Format:
1- most to least reliable channels (taken entropies)
2- most to least reliable channels (taken error probabilities)
3- channels entropies (flipped)
4- channels error probabilities (flipped)
5- number of MontCarlo simulations
