63 62 61 59 47 55 60 58 57 54 53 51 31 46 45 43 56 52 39 30 50 29 49 44 42 27 41 38 23 28 48 37 26 15 35 40 25 22 36 21 19 14 34 24 13 33 11 7 20 18 17 32 12 10 9 6 5 3 16 8 4 2 1 0 

63 62 61 59 47 55 60 58 57 54 51 53 31 46 45 43 56 52 39 30 50 29 49 44 42 27 41 38 23 28 37 48 26 15 35 40 25 22 36 21 19 14 34 24 33 13 11 7 20 18 17 12 32 6 10 5 3 8 4 1 0 2 16 9 

0.000000000000 0.000000000000 0.000000000000 0.000000000070 0.000000000000 0.000000000844 0.000000020079 0.000884270000 0.000000000000 0.000000045551 0.000001865300 0.001966800000 0.000002202000 0.004461400000 0.010954000000 0.268200000000 0.000000000000 0.000012879000 0.000020331000 0.015695000000 0.000120580000 0.035177000000 0.076364000000 0.546170000000 0.003458000000 0.148680000000 0.268280000000 0.813240000000 0.495940000000 0.938220000000 0.971970000000 0.999930000000 0.000002752200 0.003682800000 0.008021600000 0.222350000000 0.036887000000 0.404120000000 0.581510000000 0.960420000000 0.171380000000 0.712330000000 0.839820000000 0.996080000000 0.923560000000 0.999360000000 0.999690000000 1.000000000000 0.470570000000 0.934040000000 0.971340000000 0.999930000000 0.987960000000 0.999990000000 1.000000000000 1.000000000000 0.994690000000 1.000000000000 1.000000000000 1.000000000000 1.000000000000 1.000000000000 1.000000000000 1.000000000000 

0.000000000000 0.000000000000 0.000000000000 0.000000000019 0.000000000000 0.000000000286 0.000000009881 0.001765800000 0.000000000000 0.000000024383 0.000003158400 0.003914500000 0.000002481600 0.008725600000 0.021899000000 0.430790000000 0.000000000000 0.000014580000 0.000032734000 0.030626000000 0.000243860000 0.064118000000 0.130280000000 0.712190000000 0.006548300000 0.241030000000 0.396250000000 0.901510000000 0.655880000000 0.964550000000 0.977620000000 0.984360000000 0.000009857800 0.006895000000 0.015312000000 0.350570000000 0.064651000000 0.557100000000 0.728580000000 0.972450000000 0.268680000000 0.833580000000 0.918640000000 0.983540000000 0.961480000000 0.984270000000 0.984320000000 0.984380000000 0.640020000000 0.963630000000 0.977700000000 0.984360000000 0.982230000000 0.984370000000 0.984380000000 0.984370000000 0.983500000000 0.984370000000 0.984370000000 0.984370000000 0.984370000000 0.984380000000 0.984370000000 0.984380000000 

N_obs: 80000

File Format:
1- most to least reliable channels (taken entropies)
2- most to least reliable channels (taken error probabilities)
3- channels entropies (flipped)
4- channels error probabilities (flipped)
5- number of MontCarlo simulations
