63 62 61 60 59 58 57 55 54 53 51 47 46 45 43 39 31 29 30 27 23 56 52 50 49 15 44 41 42 37 38 26 28 35 25 22 21 19 48 14 40 13 36 34 11 24 33 20 18 7 17 12 10 32 9 6 16 5 3 8 4 2 1 0 

63 62 61 60 59 58 57 55 54 53 51 47 46 45 43 39 31 29 30 27 23 56 52 50 49 15 44 41 42 37 38 26 28 25 35 22 21 19 48 14 40 13 36 34 11 24 33 20 18 7 17 12 10 32 9 6 16 5 3 8 4 2 1 0 

0.000000000000 0.000000000000 0.000000000000 0.000000000000 0.000000000000 0.000000000000 0.000000000000 0.000000000001 0.000000000000 0.000000000000 0.000000000000 0.000000000002 0.000000000000 0.000000000009 0.000000000047 0.000481120000 0.000000000000 0.000000000000 0.000000000000 0.000000000365 0.000000000000 0.000000006821 0.000000003735 0.001039600000 0.000000000000 0.000000139470 0.000000034795 0.002396300000 0.000003903200 0.005509400000 0.013637000000 0.297540000000 0.000000000000 0.000000000000 0.000000000000 0.000002313900 0.000000000000 0.000001271200 0.000006537800 0.009076500000 0.000000000000 0.000021690000 0.000048883000 0.020376000000 0.000244000000 0.045555000000 0.097536000000 0.599090000000 0.000000000277 0.000749770000 0.001573700000 0.107360000000 0.008199700000 0.214980000000 0.360300000000 0.876760000000 0.063207000000 0.500260000000 0.673670000000 0.978910000000 0.830890000000 0.996030000000 0.998210000000 1.000000000000 

0.000000000000 0.000000000000 0.000000000000 0.000000000000 0.000000000000 0.000000000000 0.000000000000 0.000000000000 0.000000000000 0.000000000000 0.000000000000 0.000000000000 0.000000000000 0.000000000002 0.000000000012 0.001009500000 0.000000000000 0.000000000000 0.000000000000 0.000000000115 0.000000000000 0.000000002705 0.000000001363 0.002155300000 0.000000000000 0.000000097383 0.000000015241 0.004857500000 0.000016140000 0.011169000000 0.026173000000 0.472210000000 0.000000000000 0.000000000000 0.000000000000 0.000003042200 0.000000000000 0.000001138700 0.000010569000 0.017897000000 0.000000000000 0.000059988000 0.000092915000 0.039572000000 0.000464380000 0.083409000000 0.164040000000 0.762770000000 0.000000000076 0.001456700000 0.003225100000 0.184380000000 0.015136000000 0.330920000000 0.504510000000 0.936590000000 0.107600000000 0.655050000000 0.806160000000 0.978730000000 0.918510000000 0.983620000000 0.984080000000 0.984370000000 

N_obs: 80000

File Format:
1- most to least reliable channels (taken entropies)
2- most to least reliable channels (taken error probabilities)
3- channels entropies (flipped)
4- channels error probabilities (flipped)
5- number of MontCarlo simulations
