63 62 61 59 55 47 31 60 54 53 58 57 51 46 43 45 39 30 56 29 52 27 50 49 44 42 41 23 38 37 28 26 15 35 48 25 22 40 21 36 19 14 34 24 13 33 20 11 18 7 17 12 32 10 9 6 5 16 3 8 4 2 1 0 

63 62 61 59 55 47 31 60 54 53 58 57 51 46 43 45 39 30 56 29 52 50 27 49 44 42 41 23 38 37 28 26 15 35 25 48 22 40 21 36 19 14 34 24 13 33 20 11 18 7 17 12 32 10 9 6 5 16 3 8 0 2 1 4 

0.000000000000 0.000000000000 0.000000000000 0.000000000000 0.000000000000 0.000000000000 0.000000000000 0.000007550300 0.000000000000 0.000000000000 0.000000000000 0.000026631000 0.000000000000 0.000051352000 0.000109000000 0.036896000000 0.000000000000 0.000000000001 0.000000000293 0.000203280000 0.000000000004 0.000411310000 0.000769120000 0.087331000000 0.000000035782 0.002762000000 0.005943700000 0.197550000000 0.030415000000 0.380540000000 0.568860000000 0.959900000000 0.000000000000 0.000004626500 0.000008394700 0.008546200000 0.000029399000 0.018698000000 0.041019000000 0.430180000000 0.001007200000 0.082227000000 0.158710000000 0.691240000000 0.343980000000 0.866030000000 0.932830000000 0.999460000000 0.026740000000 0.358400000000 0.535030000000 0.948140000000 0.735680000000 0.988000000000 0.994580000000 1.000000000000 0.874960000000 0.998220000000 0.999210000000 1.000000000000 0.999640000000 1.000000000000 1.000000000000 1.000000000000 

0.000000000000 0.000000000000 0.000000000000 0.000000000000 0.000000000000 0.000000000000 0.000000000000 0.000007842700 0.000000000000 0.000000000000 0.000000000000 0.000048154000 0.000000000000 0.000069757000 0.000232820000 0.074242000000 0.000000000000 0.000000000000 0.000000000094 0.000476440000 0.000000000001 0.000808370000 0.001533800000 0.160250000000 0.000000016239 0.005418200000 0.011474000000 0.322170000000 0.054909000000 0.539580000000 0.727050000000 0.973600000000 0.000000000000 0.000006753800 0.000008874900 0.017081000000 0.000069913000 0.035035000000 0.072414000000 0.598140000000 0.002046000000 0.139300000000 0.249590000000 0.818870000000 0.485270000000 0.928640000000 0.963030000000 0.984290000000 0.047878000000 0.507500000000 0.685500000000 0.967510000000 0.857040000000 0.981600000000 0.983210000000 0.984370000000 0.943580000000 0.984060000000 0.984240000000 0.984380000000 0.984320000000 0.984380000000 0.984380000000 0.984380000000 

N_obs: 80000

File Format:
1- most to least reliable channels (taken entropies)
2- most to least reliable channels (taken error probabilities)
3- channels entropies (flipped)
4- channels error probabilities (flipped)
5- number of MontCarlo simulations
