63 62 61 59 55 47 31 58 60 57 53 54 45 46 51 43 39 30 56 29 52 50 49 27 44 42 41 23 38 37 28 26 48 15 35 25 40 22 36 21 19 14 34 24 13 33 20 11 7 18 17 12 32 10 9 6 5 3 16 8 4 2 1 0 

63 62 61 59 55 47 31 58 60 57 53 54 45 46 51 43 39 56 30 29 52 50 49 27 44 42 41 23 38 37 28 26 48 15 35 25 40 22 21 36 19 14 34 24 13 33 20 11 7 18 17 12 32 10 9 6 5 3 16 2 4 1 0 8 

0.000000000000 0.000000000000 0.000000000000 0.000000000000 0.000000000000 0.000000000000 0.000000000000 0.000073789000 0.000000000000 0.000000000000 0.000000000000 0.000147330000 0.000000003772 0.000270290000 0.000587130000 0.079433000000 0.000000000000 0.000000001755 0.000000000797 0.001020700000 0.000000011685 0.002113200000 0.004893100000 0.186180000000 0.000017970000 0.014498000000 0.030976000000 0.385840000000 0.111960000000 0.620270000000 0.778370000000 0.992220000000 0.000000000000 0.000061913000 0.000114130000 0.033114000000 0.000683870000 0.070876000000 0.142720000000 0.673960000000 0.010366000000 0.236100000000 0.386880000000 0.888560000000 0.606280000000 0.966730000000 0.984580000000 0.999980000000 0.108620000000 0.614120000000 0.773000000000 0.991200000000 0.890140000000 0.998500000000 0.999300000000 1.000000000000 0.951230000000 0.999810000000 0.999910000000 1.000000000000 0.999950000000 1.000000000000 1.000000000000 1.000000000000 

0.000000000000 0.000000000000 0.000000000000 0.000000000000 0.000000000000 0.000000000000 0.000000000000 0.000109760000 0.000000000000 0.000000000000 0.000000000000 0.000327600000 0.000000001571 0.000652100000 0.001295300000 0.150130000000 0.000000000000 0.000000000646 0.000000000254 0.002163700000 0.000000004070 0.004117600000 0.009612400000 0.310990000000 0.000033050000 0.027606000000 0.055638000000 0.550790000000 0.183150000000 0.766270000000 0.885690000000 0.982760000000 0.000000000000 0.000133600000 0.000237400000 0.061307000000 0.001365600000 0.123170000000 0.227500000000 0.810830000000 0.019053000000 0.357350000000 0.533210000000 0.940960000000 0.754090000000 0.974850000000 0.980770000000 0.984370000000 0.179050000000 0.760070000000 0.878320000000 0.982400000000 0.948200000000 0.984130000000 0.984260000000 0.984380000000 0.973010000000 0.984350000000 0.984360000000 0.984370000000 0.984370000000 0.984370000000 0.984370000000 0.984380000000 

N_obs: 80000

File Format:
1- most to least reliable channels (taken entropies)
2- most to least reliable channels (taken error probabilities)
3- channels entropies (flipped)
4- channels error probabilities (flipped)
5- number of MontCarlo simulations
