63 62 61 59 55 47 60 58 57 54 31 53 51 46 45 43 56 39 52 30 50 29 49 44 27 42 41 38 23 28 37 48 26 15 35 25 40 22 36 21 19 14 34 24 33 13 11 20 7 18 17 12 32 10 9 6 5 3 16 8 4 2 1 0 

63 62 61 59 55 47 60 58 57 54 31 53 51 46 45 43 56 39 52 30 50 29 49 44 27 42 41 23 38 28 37 48 26 15 35 25 40 22 36 21 19 34 14 24 33 13 11 20 7 18 17 32 12 10 9 6 3 16 8 1 2 0 4 5 

0.000000000000 0.000000000000 0.000000000000 0.000000000000 0.000000000000 0.000000000002 0.000000000007 0.000241910000 0.000000000000 0.000000000070 0.000000000994 0.000575430000 0.000000007763 0.001169800000 0.002755800000 0.153460000000 0.000000000000 0.000000263940 0.000002068500 0.004436300000 0.000010551000 0.009840800000 0.022338000000 0.342630000000 0.000352610000 0.052740000000 0.107450000000 0.611530000000 0.275130000000 0.820890000000 0.909990000000 0.999040000000 0.000000000594 0.000655450000 0.001212600000 0.096546000000 0.006658300000 0.195710000000 0.335770000000 0.861630000000 0.054047000000 0.470310000000 0.643900000000 0.973340000000 0.808240000000 0.994390000000 0.997460000000 1.000000000000 0.266000000000 0.818950000000 0.910380000000 0.999040000000 0.960640000000 0.999870000000 0.999940000000 1.000000000000 0.983020000000 0.999980000000 0.999990000000 1.000000000000 1.000000000000 1.000000000000 1.000000000000 1.000000000000 

0.000000000000 0.000000000000 0.000000000000 0.000000000000 0.000000000000 0.000000000000 0.000000000002 0.000493290000 0.000000000000 0.000000000019 0.000000000338 0.001184700000 0.000000002858 0.002407600000 0.005457700000 0.270380000000 0.000000000000 0.000000170530 0.000002738900 0.008810600000 0.000037871000 0.019048000000 0.041493000000 0.509860000000 0.000694180000 0.093676000000 0.177200000000 0.761250000000 0.406040000000 0.906390000000 0.955450000000 0.984200000000 0.000000000192 0.001305600000 0.002428800000 0.166190000000 0.012672000000 0.305870000000 0.476390000000 0.927720000000 0.092306000000 0.624740000000 0.780220000000 0.976680000000 0.902680000000 0.983160000000 0.983910000000 0.984370000000 0.400110000000 0.906660000000 0.955680000000 0.984210000000 0.974900000000 0.984360000000 0.984370000000 0.984370000000 0.981190000000 0.984370000000 0.984380000000 0.984380000000 0.984370000000 0.984370000000 0.984370000000 0.984380000000 

N_obs: 80000

File Format:
1- most to least reliable channels (taken entropies)
2- most to least reliable channels (taken error probabilities)
3- channels entropies (flipped)
4- channels error probabilities (flipped)
5- number of MontCarlo simulations
