0 1 2 4 8 16 3 5 6 9 32 10 12 17 18 20 7 64 33 24 11 34 13 14 19 36 21 22 40 65 25 35 66 26 15 37 48 68 28 38 23 41 72 42 67 27 80 49 44 69 29 39 50 96 70 30 52 73 43 56 74 76 45 81 46 82 51 84 71 97 88 31 98 53 100 54 104 57 58 112 75 60 77 78 83 85 47 90 86 89 92 99 102 55 101 105 114 116 106 113 59 108 120 61 62 63 79 87 91 93 94 95 103 107 109 110 111 115 117 118 119 121 122 123 124 125 126 127 

9 10 3 5 16 4 2 1 0 8 32 6 12 17 18 20 7 64 33 11 24 34 13 14 19 36 21 22 65 40 25 35 66 26 15 37 48 68 28 38 23 41 72 42 67 27 80 44 49 69 29 39 96 50 70 30 52 73 56 43 74 76 45 81 46 82 51 84 97 71 88 31 98 53 54 100 57 104 58 112 60 75 77 78 83 85 47 90 86 89 92 99 102 55 101 105 114 116 106 59 113 108 120 61 62 63 79 87 91 93 94 95 103 107 109 110 111 115 117 118 119 121 122 123 124 125 126 127 

1.000000000000 1.000000000000 1.000000000000 0.999999993958 1.000000000000 0.999999989585 0.999999968307 0.999275474103 1.000000000000 0.999999945554 0.999999899873 0.998424687535 0.999999350734 0.996442940951 0.991630706790 0.757632573824 1.000000000000 0.999996290540 0.999991730167 0.989142345450 0.999946952103 0.976006722958 0.947174005663 0.524630370614 0.998517535716 0.897528201309 0.806519322721 0.262692315413 0.608631108950 0.108125831104 0.053113040541 0.000326118301 0.999999910554 0.998924349485 0.997632353280 0.867888575459 0.987846209948 0.744282511700 0.588260521071 0.099502002278 0.921846117939 0.460827501482 0.299155502307 0.018519004001 0.160346597253 0.004148491955 0.002014111224 0.000000005612 0.699900732270 0.160727109083 0.081183075909 0.000885666018 0.037245203027 0.000149998875 0.000058797881 0.000000000000 0.017068884470 0.000027109401 0.000016789484 0.000000000000 0.000009253064 0.000000000000 0.000000000000 0.000000000000 0.999266212221 0.920525933457 0.838836834256 0.298658208624 0.638434513994 0.123225528683 0.060352585756 0.000524254423 0.368283924322 0.027106011607 0.011873918614 0.000010691968 0.005521810836 0.000001594955 0.000000071565 0.000000000000 0.170923561711 0.003717598195 0.001538062907 0.000000025884 0.000822595588 0.000000015728 0.000000000008 0.000000000000 0.000406559924 0.000000000004 0.000000000586 0.000000000000 0.000000000003 0.000000000000 0.000000000000 0.000000000000 0.073315133567 0.000504389151 0.000218004703 0.000000000000 0.000102703844 0.000000000000 0.000000000000 0.000000000000 0.000053261580 0.000000000000 0.000000000000 0.000000000000 0.000000000000 0.000000000000 0.000000000000 0.000000000000 0.000015100678 0.000000000000 0.000000000000 0.000000000000 0.000000000000 0.000000000000 0.000000000000 0.000000000000 0.000000000000 0.000000000000 0.000000000000 0.000000000000 0.000000000000 0.000000000000 0.000000000000 0.000000000000 

0.984375000000 0.984375000000 0.984375000000 0.984375014008 0.984375000001 0.984375010231 0.984374975408 0.984267948810 0.984374999999 0.984375023568 0.984375023131 0.984111272017 0.984374849459 0.983740713414 0.982667987599 0.881275878159 0.984375000021 0.984373861437 0.984372853364 0.981992501784 0.984361240133 0.978583282630 0.967886813383 0.684825036683 0.984033013876 0.946635907928 0.893258687072 0.385984067050 0.753922114382 0.175079300788 0.093623406664 0.000561379060 0.984374999211 0.984196899196 0.983941104617 0.934928100700 0.981289088768 0.854383599326 0.730922257305 0.162496992159 0.956871511295 0.610243280845 0.436775871481 0.033063509026 0.258599800120 0.007787313783 0.004077035918 0.000000001785 0.832828144526 0.254500819368 0.139770125546 0.001809647007 0.068769849061 0.000323206977 0.000139825418 0.000000000000 0.033907672494 0.000098775565 0.000017749767 0.000000000000 0.000013507547 0.000000000000 0.000000000000 0.000000000000 0.984247803183 0.959882121327 0.916531726469 0.434692660004 0.782999986508 0.200629661512 0.106677805292 0.001088474662 0.538972009655 0.049366638500 0.022754268846 0.000010373260 0.010804316166 0.000001588798 0.000000032478 0.000000000000 0.294613938031 0.007289911186 0.003066537157 0.000000010841 0.001616622440 0.000000006936 0.000000000002 0.000000000000 0.000952870750 0.000000000001 0.000000000188 0.000000000000 0.000000000001 0.000000000000 0.000000000000 0.000000000000 0.142906427151 0.001208735875 0.000465625362 0.000000000000 0.000139513256 0.000000000000 0.000000000000 0.000000000000 0.000096307630 0.000000000000 0.000000000000 0.000000000000 0.000000000000 0.000000000000 0.000000000000 0.000000000000 0.000015685484 0.000000000000 0.000000000000 0.000000000000 0.000000000000 0.000000000000 0.000000000000 0.000000000000 0.000000000000 0.000000000000 0.000000000000 0.000000000000 0.000000000000 0.000000000000 0.000000000000 0.000000000000 

N_obs: 40000

File Format:
1- least to most reliable channels (taken entropies)
2- least to most reliable channels (taken error probabilities)
3- channels entropies
4- channels error probabilities
5- number of MontCarlo simulations