0 1 4 2 8 16 3 5 6 9 10 32 12 17 18 20 7 64 11 33 13 24 34 14 19 36 21 22 65 40 25 35 66 15 26 48 37 68 28 38 23 72 41 67 42 80 27 44 49 96 69 50 29 39 70 52 30 73 56 74 43 76 81 82 45 84 46 97 88 98 51 100 71 31 104 53 112 57 54 75 58 83 60 77 78 90 47 86 85 89 92 99 101 102 105 106 113 55 59 61 62 63 79 87 91 93 94 95 103 107 108 109 110 111 114 115 116 117 118 119 120 121 122 123 124 125 126 127 

3 5 2 1 0 4 8 16 6 32 10 9 12 17 18 20 7 11 64 33 13 24 34 14 19 36 21 22 65 40 25 35 66 15 26 48 37 68 28 38 23 72 41 67 42 80 27 44 49 96 69 50 29 39 70 52 30 73 56 74 43 76 81 82 45 84 46 98 97 88 51 31 100 104 71 53 112 57 75 54 58 83 60 77 78 90 47 86 85 89 92 99 101 102 105 106 113 55 59 61 62 63 79 87 91 93 94 95 103 107 108 109 110 111 114 115 116 117 118 119 120 121 122 123 124 125 126 127 

1.000000000000 1.000000000000 1.000000000000 0.999999613322 1.000000000000 0.999999358928 0.999998706660 0.995029257990 0.999999999999 0.999996098570 0.999991947452 0.988893745979 0.999943506510 0.974342687010 0.942036568271 0.499705939863 0.999999997971 0.999779614129 0.999583366260 0.937666679984 0.997450530000 0.869530362925 0.761820504144 0.215313539890 0.973433262538 0.646077079605 0.477479833083 0.057873135823 0.284387457589 0.015504877715 0.007096469158 0.000005616822 0.999983878085 0.985708451353 0.969132019078 0.617943619040 0.895672079452 0.401325770672 0.250069718236 0.011879694973 0.690948600055 0.157767837414 0.080809360329 0.000972644458 0.038995797655 0.000193065372 0.000077926922 0.000000000000 0.410436931586 0.035516843749 0.015795206904 0.000020974892 0.007295235185 0.000003444668 0.000000368504 0.000000000000 0.003329502494 0.000001087231 0.000000089263 0.000000000000 0.000000014221 0.000000000000 0.000000000000 0.000000000000 0.989230959800 0.746726299499 0.577641114949 0.090769057743 0.346125884076 0.023733995033 0.010785730113 0.000006313207 0.164803517307 0.003721255914 0.001625489754 0.000000337214 0.000827302802 0.000000000777 0.000000000033 0.000000000000 0.070924412455 0.000521102418 0.000252467628 0.000000016803 0.000098115998 0.000000000000 0.000000000000 0.000000000000 0.000040459570 0.000000000000 0.000000000006 0.000000000000 0.000000000000 0.000000000000 0.000000000000 0.000000000000 0.030745412262 0.000051732114 0.000024745514 0.000000000000 0.000012323391 0.000000000000 0.000000000000 0.000000000000 0.000005385523 0.000000000000 0.000000000000 0.000000000000 0.000000000000 0.000000000000 0.000000000000 0.000000000000 0.000002247360 0.000000000000 0.000000000000 0.000000000000 0.000000000000 0.000000000000 0.000000000000 0.000000000000 0.000000000000 0.000000000000 0.000000000000 0.000000000000 0.000000000000 0.000000000000 0.000000000000 0.000000000000 

0.984375000000 0.984375000015 0.984375000041 0.984375268094 0.984374999967 0.984375225073 0.984374531879 0.983578470834 0.984374999883 0.984373241936 0.984374042566 0.982230691866 0.984368465259 0.978266316012 0.966500223088 0.665484312306 0.984374993272 0.984325927734 0.984293104973 0.965906864408 0.983827879658 0.932514649511 0.866724093746 0.327556680397 0.976471975759 0.778869293275 0.628339411594 0.097806947745 0.421959934888 0.029147723561 0.013352386761 0.000042602711 0.984374167845 0.981065497893 0.975818100607 0.762387689087 0.943751028586 0.545983024252 0.370898801334 0.021412758217 0.821054807394 0.247669735315 0.138274752160 0.001907563867 0.070188583342 0.000415850538 0.000091450084 0.000000000000 0.582602499222 0.063105498949 0.030271130462 0.000052748549 0.014902433860 0.000003058180 0.000000187934 0.000000000000 0.006412731709 0.000000812242 0.000000045295 0.000000000000 0.000000005767 0.000000000000 0.000000000000 0.000000000000 0.982073837413 0.866721609502 0.732159663123 0.152449160097 0.505493489720 0.043533324861 0.020266361887 0.000006301962 0.280553985540 0.007242575075 0.003108659747 0.000000246367 0.001841419386 0.000000000240 0.000000000008 0.000000000000 0.135385445699 0.001244441976 0.000651770142 0.000000007682 0.000190303827 0.000000000000 0.000000000000 0.000000000000 0.000077889629 0.000000000000 0.000000000001 0.000000000000 0.000000000000 0.000000000000 0.000000000000 0.000000000000 0.061848007637 0.000081752389 0.000086358750 0.000000000000 0.000015973471 0.000000000000 0.000000000000 0.000000000000 0.000009970200 0.000000000000 0.000000000000 0.000000000000 0.000000000000 0.000000000000 0.000000000000 0.000000000000 0.000001462432 0.000000000000 0.000000000000 0.000000000000 0.000000000000 0.000000000000 0.000000000000 0.000000000000 0.000000000000 0.000000000000 0.000000000000 0.000000000000 0.000000000000 0.000000000000 0.000000000000 0.000000000000 

N_obs: 40000

File Format:
1- least to most reliable channels (taken entropies)
2- least to most reliable channels (taken error probabilities)
3- channels entropies
4- channels error probabilities
5- number of MontCarlo simulations