0 1 2 4 8 16 32 3 5 6 9 10 12 17 18 20 24 64 33 34 7 36 11 13 14 19 21 40 22 65 25 26 66 35 37 48 68 28 38 15 41 23 42 72 27 67 44 49 69 29 39 80 50 70 30 43 52 73 96 74 45 56 46 76 51 81 71 31 82 53 84 54 97 88 75 98 57 58 100 47 77 60 104 78 112 83 85 86 55 90 89 99 101 92 61 102 59 106 62 113 79 108 105 114 116 120 87 63 91 93 94 95 103 107 109 110 111 115 117 118 119 121 122 123 124 125 126 127 

34 11 64 20 18 10 9 6 32 16 0 1 2 4 8 5 3 12 17 24 33 7 36 13 14 19 21 40 22 25 65 26 66 35 37 48 28 68 38 15 41 23 42 72 27 67 44 49 69 29 39 80 50 70 30 43 52 73 96 74 56 45 76 46 81 51 71 31 82 53 84 97 54 88 75 98 57 58 100 77 47 60 104 78 112 83 86 85 55 90 89 99 101 92 61 102 59 106 62 113 79 108 105 114 116 120 87 63 91 93 94 95 103 107 109 110 111 115 117 118 119 121 122 123 124 125 126 127 

1.000000000000 1.000000000000 1.000000000000 0.999999999999 1.000000000000 0.999999999999 0.999999999998 0.999991533773 1.000000000000 0.999999999996 0.999999999989 0.999982814347 0.999999999962 0.999964435773 0.999922748410 0.966154660490 1.000000000000 0.999999999781 0.999999999531 0.999873765448 0.999999997026 0.999742784259 0.999409016675 0.921970178211 0.999999821961 0.998083285648 0.995702548140 0.825153034383 0.977136984739 0.660859457557 0.477686096064 0.053885885155 1.000000000000 0.999999390891 0.999998631559 0.994930649673 0.999989481239 0.988785289827 0.974897074525 0.640945024093 0.999651553853 0.946907259204 0.893201768932 0.394751694514 0.741723931519 0.198791009503 0.106372960818 0.001783453441 0.986955643538 0.735693465628 0.576799974971 0.094815503605 0.363446314286 0.028607086661 0.013296359545 0.000012367375 0.187729884137 0.005496168143 0.002424900095 0.000000005798 0.001310767660 0.000000051098 0.000000001189 0.000000000000 0.999999803704 0.998093252071 0.995578861088 0.824080216283 0.977163881844 0.664235110202 0.490329575551 0.059967177543 0.871258085546 0.351771714953 0.207345268640 0.007705154453 0.103981498477 0.001586236932 0.000705204273 0.000000000287 0.591277366763 0.093793874363 0.044469099898 0.000206013091 0.019649178302 0.000022402747 0.000021102410 0.000000000000 0.008867727268 0.000003909006 0.000004136961 0.000000000000 0.000000527885 0.000000000000 0.000000000000 0.000000000000 0.293553544129 0.013287645586 0.005509885475 0.000002760170 0.002339467345 0.000000845039 0.000000015526 0.000000000000 0.001150848999 0.000000000095 0.000000001988 0.000000000000 0.000000000141 0.000000000000 0.000000000000 0.000000000000 0.000483783027 0.000000001145 0.000000000014 0.000000000000 0.000000000004 0.000000000000 0.000000000000 0.000000000000 0.000000000001 0.000000000000 0.000000000000 0.000000000000 0.000000000000 0.000000000000 0.000000000000 0.000000000000 

0.984375000000 0.984375000000 0.984375000000 0.984374999693 0.984375000000 0.984374999945 0.984375000073 0.984374044843 0.984375000000 0.984375000208 0.984375000672 0.984375133446 0.984374997887 0.984368327585 0.984366261443 0.977565405246 0.984375000000 0.984374994140 0.984375001052 0.984356740343 0.984375014899 0.984335006262 0.984286792142 0.962830262343 0.984374991919 0.984036434933 0.983568745103 0.915688876486 0.978330377365 0.798182180854 0.638424135973 0.094365313542 0.984375000000 0.984374845333 0.984375390629 0.983427590647 0.984373000896 0.981871545704 0.977602520192 0.785372195618 0.984297336155 0.967927975861 0.941790803079 0.540961583162 0.853189588762 0.302684166483 0.175696282534 0.003303846564 0.981075295332 0.850404219251 0.721851187672 0.155439806135 0.516304299337 0.050779482115 0.025195833095 0.000024824952 0.304575111303 0.010799390808 0.004856300839 0.000000001875 0.002610992093 0.000000026461 0.000000000384 0.000000000000 0.984375085468 0.984033191381 0.983430687775 0.914295054173 0.978027089721 0.799056627144 0.644336359680 0.102095066835 0.933537436236 0.495730812663 0.322737835181 0.014491959464 0.178136044221 0.003609921742 0.001388357618 0.000000000080 0.755725023952 0.159000605970 0.081428079323 0.000318601114 0.037762156873 0.000030212827 0.000075741508 0.000000000000 0.017522695264 0.000003644142 0.000005477858 0.000000000000 0.000000341056 0.000000000000 0.000000000000 0.000000000000 0.466726091928 0.025537493613 0.010890265390 0.000003312334 0.004799438700 0.000000788606 0.000000005716 0.000000000000 0.002369212160 0.000000000022 0.000000000677 0.000000000000 0.000000000039 0.000000000000 0.000000000000 0.000000000000 0.000986563334 0.000000000368 0.000000000003 0.000000000000 0.000000000001 0.000000000000 0.000000000000 0.000000000000 0.000000000000 0.000000000000 0.000000000000 0.000000000000 0.000000000000 0.000000000000 0.000000000000 0.000000000000 

N_obs: 40000

File Format:
1- least to most reliable channels (taken entropies)
2- least to most reliable channels (taken error probabilities)
3- channels entropies
4- channels error probabilities
5- number of MontCarlo simulations