0 1 2 4 8 16 3 5 6 9 10 32 12 17 18 7 20 11 64 33 13 24 34 19 14 36 21 65 22 40 25 66 35 15 48 26 68 37 28 72 38 23 41 80 67 42 96 44 49 27 69 50 70 52 29 56 30 73 39 74 76 81 82 84 97 43 88 98 46 45 100 71 112 104 51 53 54 31 75 57 58 60 78 77 85 83 92 89 86 90 101 47 55 59 61 62 63 79 87 91 93 94 95 99 102 103 105 106 107 108 109 110 111 113 114 115 116 117 118 119 120 121 122 123 124 125 126 127 

4 0 2 1 8 16 3 5 6 9 10 32 12 17 18 7 20 11 64 33 13 24 34 19 14 36 21 65 22 40 66 25 35 15 48 26 68 37 28 72 38 23 80 41 67 42 96 44 49 27 69 50 70 52 29 56 73 30 39 74 76 81 82 84 97 98 43 88 46 45 100 71 112 104 51 53 54 31 75 57 58 60 78 77 85 83 92 89 86 90 101 47 55 59 61 62 63 79 87 91 93 94 95 99 102 103 105 106 107 108 109 110 111 113 114 115 116 117 118 119 120 121 122 123 124 125 126 127 

1.000000000000 0.999999999996 0.999999999996 0.999988948975 0.999999999989 0.999975890972 0.999951463700 0.974094693516 0.999999998935 0.999833561476 0.999645630669 0.940857899316 0.997647910091 0.871591738889 0.758196606635 0.208740166676 0.999998011275 0.995421470848 0.990060278791 0.760155847838 0.958744898810 0.580772116281 0.407355421803 0.039331971014 0.828910407252 0.290486509585 0.166669265674 0.004714965426 0.082377345735 0.000926283812 0.000461600224 0.000000000038 0.998879953633 0.906977414485 0.818823462169 0.278075691912 0.622596788644 0.117110902619 0.058726093941 0.000401548237 0.372165666588 0.028693041243 0.012794700993 0.000009855516 0.006300725886 0.000002797687 0.000005445259 0.000000000000 0.184054484951 0.004970651667 0.002193134884 0.000000009085 0.001078357203 0.000000002082 0.000000000214 0.000000000000 0.000506872584 0.000000000012 0.000000000001 0.000000000000 0.000000000000 0.000000000000 0.000000000000 0.000000000000 0.931115595454 0.469918684008 0.287640143501 0.014958164833 0.140196139226 0.002856459762 0.001280949909 0.000000167370 0.060352722115 0.000408215642 0.000151053156 0.000000000023 0.000097540185 0.000000000000 0.000000000000 0.000000000000 0.025966694517 0.000044763923 0.000030241229 0.000000000000 0.000019979382 0.000000000000 0.000000000000 0.000000000000 0.000007264153 0.000000000000 0.000000000000 0.000000000000 0.000000000000 0.000000000000 0.000000000000 0.000000000000 0.011516746741 0.000011183079 0.000006653223 0.000000000000 0.000001901366 0.000000000000 0.000000000000 0.000000000000 0.000000066278 0.000000000000 0.000000000000 0.000000000000 0.000000000000 0.000000000000 0.000000000000 0.000000000000 0.000000100096 0.000000000000 0.000000000000 0.000000000000 0.000000000000 0.000000000000 0.000000000000 0.000000000000 0.000000000000 0.000000000000 0.000000000000 0.000000000000 0.000000000000 0.000000000000 0.000000000000 0.000000000000 

0.984375000000 0.984374999036 0.984374999718 0.984373419748 0.984375000183 0.984371242690 0.984368628906 0.978911622672 0.984374991651 0.984355663271 0.984306077671 0.967866443977 0.983883600396 0.935532774622 0.865651037025 0.321438951619 0.984374944135 0.983476051736 0.982040710592 0.870739342536 0.971054116421 0.723489805067 0.555256623072 0.067620497281 0.908151980368 0.422126686438 0.263488425606 0.009064339629 0.142640636770 0.001754977808 0.000834064262 0.000000000009 0.984211404972 0.952540932776 0.903315905824 0.403939961165 0.766456203351 0.189077309357 0.101005419401 0.000812998864 0.535412048306 0.051843688389 0.024124603798 0.000014266706 0.012921261253 0.000002127347 0.000008203438 0.000000000000 0.306800206751 0.010087091664 0.004477744888 0.000000003338 0.002211135705 0.000000000718 0.000000000058 0.000000000000 0.000945673291 0.000000000003 0.000000000000 0.000000000000 0.000000000000 0.000000000000 0.000000000000 0.000000000000 0.964206567609 0.633628122043 0.432653860163 0.027940650860 0.239320682229 0.005562181053 0.002745492947 0.000000107445 0.114064347596 0.000866205260 0.000311802644 0.000000000006 0.000197508357 0.000000000000 0.000000000000 0.000000000000 0.052544015836 0.000124117932 0.000081876497 0.000000000000 0.000044252080 0.000000000000 0.000000000000 0.000000000000 0.000013271009 0.000000000000 0.000000000000 0.000000000000 0.000000000000 0.000000000000 0.000000000000 0.000000000000 0.023201046147 0.000016256885 0.000014828653 0.000000000000 0.000002020646 0.000000000000 0.000000000000 0.000000000000 0.000000027459 0.000000000000 0.000000000000 0.000000000000 0.000000000000 0.000000000000 0.000000000000 0.000000000000 0.000000049210 0.000000000000 0.000000000000 0.000000000000 0.000000000000 0.000000000000 0.000000000000 0.000000000000 0.000000000000 0.000000000000 0.000000000000 0.000000000000 0.000000000000 0.000000000000 0.000000000000 0.000000000000 

N_obs: 40000

File Format:
1- least to most reliable channels (taken entropies)
2- least to most reliable channels (taken error probabilities)
3- channels entropies
4- channels error probabilities
5- number of MontCarlo simulations