0 1 2 4 8 3 16 5 6 9 10 32 12 17 18 7 11 64 20 33 13 24 34 14 19 36 21 65 40 22 66 25 48 35 68 15 26 72 37 28 80 38 96 41 23 67 42 44 49 50 69 52 27 70 56 73 29 30 74 39 81 82 84 76 43 88 98 112 97 46 100 104 53 45 51 54 71 57 60 75 58 77 83 31 47 55 59 61 62 63 78 79 85 86 87 89 90 91 92 93 94 95 99 101 102 103 105 106 107 108 109 110 111 113 114 115 116 117 118 119 120 121 122 123 124 125 126 127 

2 1 0 4 8 3 16 5 6 9 10 32 12 17 7 18 64 11 20 33 13 24 34 14 19 36 65 21 40 22 66 48 25 35 68 15 26 72 37 28 80 38 96 41 23 67 42 44 49 50 69 52 70 27 56 73 29 81 82 30 74 39 84 76 43 88 98 112 46 97 100 104 53 45 51 71 54 57 60 75 58 77 83 31 47 55 59 61 62 63 78 79 85 86 87 89 90 91 92 93 94 95 99 101 102 103 105 106 107 108 109 110 111 113 114 115 116 117 118 119 120 121 122 123 124 125 126 127 

1.000000000000 0.999999999096 0.999999997524 0.999736632252 0.999999985877 0.999431236249 0.998712241117 0.892905635207 0.999999197003 0.996177370642 0.991572875789 0.772699126440 0.962207713535 0.591303698026 0.412924671597 0.038301330330 0.999715672806 0.951856767775 0.902412709991 0.412811202423 0.756984698142 0.215436384812 0.118048178698 0.002224087240 0.508913013850 0.065306393466 0.031067099860 0.000104397165 0.014300404350 0.000018164055 0.000014266355 0.000000000000 0.978812056039 0.670132054724 0.494620210936 0.061801135169 0.288680426594 0.015890169061 0.007174413491 0.000008145690 0.140695688956 0.002819402979 0.001150092222 0.000000332393 0.000606397272 0.000000000379 0.000000016033 0.000000000000 0.063891290258 0.000428708466 0.000245526671 0.000000000000 0.000105796654 0.000000000429 0.000000000000 0.000000000000 0.000037920791 0.000000000000 0.000000000000 0.000000000000 0.000000000000 0.000000000000 0.000000000000 0.000000000000 0.771942701059 0.209366733106 0.103567219351 0.001395563410 0.044129397218 0.000178012213 0.000086009648 0.000000000000 0.018078714901 0.000028644907 0.000008381013 0.000000000000 0.000000713109 0.000000000000 0.000000000000 0.000000000000 0.008006543533 0.000005984689 0.000003739643 0.000000000000 0.000001526070 0.000000000000 0.000000000000 0.000000000000 0.000000111486 0.000000000000 0.000000000000 0.000000000000 0.000000000000 0.000000000000 0.000000000000 0.000000000000 0.003695377240 0.000000017618 0.000000038373 0.000000000000 0.000000001989 0.000000000000 0.000000000000 0.000000000000 0.000000001811 0.000000000000 0.000000000000 0.000000000000 0.000000000000 0.000000000000 0.000000000000 0.000000000000 0.000000018114 0.000000000000 0.000000000000 0.000000000000 0.000000000000 0.000000000000 0.000000000000 0.000000000000 0.000000000000 0.000000000000 0.000000000000 0.000000000000 0.000000000000 0.000000000000 0.000000000000 0.000000000000 

0.984375000000 0.984375003982 0.984375017803 0.984332048150 0.984374953532 0.984300225443 0.984159463160 0.951207130241 0.984374800648 0.983593680867 0.982428291555 0.879601378553 0.972908567429 0.736815271072 0.566215845991 0.066907101826 0.984323226641 0.969990917755 0.946557808469 0.559436427697 0.864027721149 0.325459565730 0.191023339242 0.004373829488 0.672268975651 0.110852506274 0.056751417574 0.000144925738 0.027011625519 0.000046721328 0.000021382279 0.000000000000 0.978873115540 0.805512991114 0.651977190831 0.104334743990 0.434175123555 0.028899212984 0.013389008453 0.000019329112 0.241375822464 0.005650638883 0.002178710980 0.000000244195 0.001262815593 0.000000000115 0.000000006242 0.000000000000 0.119120832710 0.000835009588 0.000564267101 0.000000000000 0.000232310622 0.000000000136 0.000000000000 0.000000000000 0.000089938183 0.000000000000 0.000000000000 0.000000000000 0.000000000000 0.000000000000 0.000000000000 0.000000000000 0.889459012187 0.327725042419 0.179776940107 0.002881651686 0.084677139513 0.000429461596 0.000207301750 0.000000000000 0.035716333541 0.000048186423 0.000020229589 0.000000000000 0.000000367948 0.000000000000 0.000000000000 0.000000000000 0.016434166825 0.000024282682 0.000022633038 0.000000000000 0.000001382214 0.000000000000 0.000000000000 0.000000000000 0.000000055634 0.000000000000 0.000000000000 0.000000000000 0.000000000000 0.000000000000 0.000000000000 0.000000000000 0.007506233159 0.000000005950 0.000000016444 0.000000000000 0.000000000583 0.000000000000 0.000000000000 0.000000000000 0.000000000574 0.000000000000 0.000000000000 0.000000000000 0.000000000000 0.000000000000 0.000000000000 0.000000000000 0.000000007726 0.000000000000 0.000000000000 0.000000000000 0.000000000000 0.000000000000 0.000000000000 0.000000000000 0.000000000000 0.000000000000 0.000000000000 0.000000000000 0.000000000000 0.000000000000 0.000000000000 0.000000000000 

N_obs: 40000

File Format:
1- least to most reliable channels (taken entropies)
2- least to most reliable channels (taken error probabilities)
3- channels entropies
4- channels error probabilities
5- number of MontCarlo simulations