0 1 2 4 8 16 32 3 5 6 9 10 12 17 18 20 64 24 33 34 36 7 11 13 40 14 19 21 22 25 65 26 66 35 48 37 68 28 38 41 15 42 23 72 67 27 44 49 69 29 39 50 80 70 30 43 52 73 45 96 74 56 46 51 76 81 71 31 82 53 54 84 75 97 57 88 98 47 58 77 100 60 78 104 83 112 55 85 86 89 99 90 92 59 62 101 61 102 106 79 108 105 114 113 116 120 87 93 91 110 94 63 95 103 107 109 111 115 117 118 119 121 122 123 124 125 126 127 

40 34 19 33 24 64 18 6 10 5 0 1 2 4 8 16 32 3 9 12 17 20 7 36 11 21 13 14 22 65 25 66 26 35 48 37 68 28 38 41 15 42 23 72 27 67 44 49 69 29 39 50 80 70 30 43 52 73 96 45 74 56 46 51 76 81 71 31 82 53 54 84 75 97 57 88 98 47 58 77 100 60 78 104 83 112 55 85 86 89 99 90 59 92 62 106 101 61 102 79 108 114 105 113 116 120 87 93 91 110 94 63 95 103 107 109 111 115 117 118 119 121 122 123 124 125 126 127 

1.000000000000 1.000000000000 1.000000000000 1.000000000000 1.000000000000 1.000000000000 1.000000000000 0.999999285686 1.000000000000 1.000000000000 1.000000000000 0.999998575123 1.000000000000 0.999997226587 0.999994384735 0.989381999515 1.000000000000 0.999999999999 0.999999999998 0.999991251326 0.999999999990 0.999983032967 0.999964197735 0.975943065975 0.999999999227 0.999868630973 0.999698640249 0.943005043307 0.997775444928 0.870194743582 0.748875987731 0.192874269668 1.000000000000 0.999999991413 0.999999973351 0.999387553503 0.999999896289 0.998720605055 0.997063299137 0.849938259041 0.999995358422 0.992197050339 0.982786077694 0.697017377465 0.933423180049 0.491360716627 0.321777984314 0.021163679315 0.999210987743 0.921507371757 0.847363478286 0.315708272439 0.666586901128 0.141988902975 0.073033587903 0.000792395648 0.408709524859 0.035963027773 0.016022644115 0.000024443203 0.007360774188 0.000004684572 0.000005504457 0.000000000000 0.999999999543 0.999858464748 0.999695563161 0.944339267838 0.997953768693 0.878679908635 0.770827682538 0.222135699695 0.974886595698 0.651376710903 0.479046204418 0.058024294438 0.282262629537 0.015139022109 0.006909015143 0.000001622436 0.819632473944 0.271905478000 0.149259960320 0.003300100863 0.069756724366 0.000612536185 0.000241166912 0.000000000003 0.031284348227 0.000115939650 0.000040662139 0.000000000000 0.000025758477 0.000000000000 0.000000000000 0.000000000000 0.485431300118 0.051350931986 0.021862490772 0.000073957795 0.008917365205 0.000004905060 0.000004404080 0.000000000000 0.003932946951 0.000000045575 0.000003730690 0.000000000000 0.000000091101 0.000000000000 0.000000000000 0.000000000000 0.001768474934 0.000000003812 0.000000040158 0.000000000000 0.000000001688 0.000000000000 0.000000000000 0.000000000000 0.000000000140 0.000000000000 0.000000000000 0.000000000000 0.000000000000 0.000000000000 0.000000000000 0.000000000000 

0.984375000000 0.984375000000 0.984375000000 0.984374999992 0.984375000000 0.984375000006 0.984375000052 0.984374927566 0.984375000000 0.984374999958 0.984375000006 0.984374727971 0.984374999814 0.984373805403 0.984373709307 0.982579452389 0.984375000000 0.984374999607 0.984375000152 0.984375044053 0.984374998917 0.984374038647 0.984369824584 0.979859993698 0.984375004561 0.984352333619 0.984331990698 0.969586210395 0.983921379062 0.936616780756 0.865102535157 0.302844755889 0.984375000000 0.984375031348 0.984375047319 0.984269714843 0.984374881140 0.984156053618 0.983834682541 0.929531271952 0.984375711151 0.982705743432 0.980061469597 0.827872918804 0.961733840281 0.640385266256 0.463901449020 0.037819837995 0.984232287592 0.958076341100 0.918693432975 0.450371794763 0.799607605455 0.224124068947 0.125019781186 0.001386210356 0.575458007800 0.064649068538 0.030434976990 0.000065171286 0.013763257563 0.000004982408 0.000019715631 0.000000000000 0.984375001819 0.984354725392 0.984332891767 0.969473765332 0.983998564826 0.938997107944 0.873949179363 0.338675842951 0.977328426732 0.787398720904 0.632392035440 0.099588646274 0.422724988354 0.027935459195 0.013044495448 0.000001154199 0.909783441650 0.403631583821 0.243711013835 0.006314734750 0.123883588013 0.001223846112 0.000487718750 0.000000000001 0.060243638998 0.000309076871 0.000065468338 0.000000000000 0.000029160363 0.000000000000 0.000000000000 0.000000000000 0.672012719857 0.092244570943 0.043146857009 0.000160048265 0.017376190474 0.000005019026 0.000004963290 0.000000000000 0.007805491170 0.000000017270 0.000006316881 0.000000000000 0.000000048765 0.000000000000 0.000000000000 0.000000000000 0.003520552749 0.000000001293 0.000000019763 0.000000000000 0.000000000572 0.000000000000 0.000000000000 0.000000000000 0.000000000038 0.000000000000 0.000000000000 0.000000000000 0.000000000000 0.000000000000 0.000000000000 0.000000000000 

N_obs: 40000

File Format:
1- least to most reliable channels (taken entropies)
2- least to most reliable channels (taken error probabilities)
3- channels entropies
4- channels error probabilities
5- number of MontCarlo simulations