0 1 2 4 8 16 32 3 5 6 9 10 12 18 17 20 64 24 33 34 7 11 13 36 14 19 21 22 40 65 25 35 66 26 37 48 15 68 28 38 23 41 72 42 67 27 49 44 69 29 80 39 50 70 30 96 52 43 73 56 74 45 76 81 46 51 82 71 31 84 53 97 88 54 98 75 100 57 104 58 112 60 77 47 78 83 55 85 86 89 102 92 99 90 101 105 59 108 106 61 113 114 120 116 62 79 63 87 91 93 94 95 103 107 109 110 111 115 117 118 119 121 122 123 124 125 126 127 

17 18 32 16 2 0 4 1 8 3 10 12 6 9 5 20 64 33 24 7 34 11 13 36 14 19 21 22 40 65 25 35 66 26 37 15 48 68 28 38 23 41 72 42 67 27 49 44 80 69 29 39 50 70 30 96 52 43 73 56 74 45 76 81 46 51 82 71 31 84 53 97 88 54 98 100 75 57 104 58 60 112 47 77 78 83 55 85 86 89 102 92 99 90 101 105 59 108 106 61 113 114 120 116 62 79 63 87 91 93 94 95 103 107 109 110 111 115 117 118 119 121 122 123 124 125 126 127 

1.000000000000 1.000000000000 1.000000000000 0.999999999916 1.000000000000 0.999999999845 0.999999999647 0.999906693449 1.000000000000 0.999999999413 0.999999999025 0.999818637312 0.999999993891 0.999613026488 0.999120983618 0.903695213891 1.000000000000 0.999999885922 0.999999894554 0.998608513691 0.999999500097 0.997000269779 0.993396165475 0.787188105623 0.999975436201 0.982397514928 0.962110699999 0.583895279934 0.872802549015 0.356146008341 0.209643793936 0.007542334627 0.999999999973 0.999959454656 0.999913797457 0.969223461618 0.999466607067 0.933945694036 0.867696837028 0.345459041047 0.991680964038 0.786299932286 0.643865274771 0.130313766715 0.428934919244 0.043296427809 0.020679793867 0.000039812167 0.913004256768 0.434517648191 0.271235504617 0.014118080355 0.138857361666 0.002974528198 0.001367218700 0.000001118385 0.065740801139 0.000481359555 0.000228250507 0.000000000007 0.000123826864 0.000000000000 0.000000000000 0.000000000000 0.999981142340 0.984445929359 0.964881310993 0.591448990256 0.877213220046 0.363186409959 0.215562954266 0.008539721878 0.646100058396 0.126248051748 0.061445987505 0.000545845412 0.028901162575 0.000087452997 0.000035939029 0.000000000000 0.349826698124 0.022595529427 0.009776717641 0.000009578416 0.004225460149 0.000000098836 0.000000023369 0.000000000000 0.002041150550 0.000000013703 0.000000001594 0.000000000000 0.000000003509 0.000000000000 0.000000000000 0.000000000000 0.156082957533 0.002962235576 0.001174226169 0.000000001970 0.000540570093 0.000000000028 0.000000007543 0.000000000000 0.000294657148 0.000000000014 0.000000000000 0.000000000000 0.000000000001 0.000000000000 0.000000000000 0.000000000000 0.000147578039 0.000000000000 0.000000000000 0.000000000000 0.000000000000 0.000000000000 0.000000000000 0.000000000000 0.000000000000 0.000000000000 0.000000000000 0.000000000000 0.000000000000 0.000000000000 0.000000000000 0.000000000000 

0.984375000000 0.984375000000 0.984375000000 0.984374999554 0.984375000000 0.984374996472 0.984374997203 0.984364501751 0.984375000000 0.984374997017 0.984374998983 0.984350145062 0.984374997813 0.984321244462 0.984263973237 0.957820830936 0.984375000000 0.984375084958 0.984375016666 0.984155293721 0.984374741546 0.983871379449 0.983069243264 0.895788732772 0.984369116736 0.980261754148 0.973246425597 0.733227492328 0.933348607285 0.501083774819 0.325476597403 0.014694943679 0.984375001029 0.984369520614 0.984360153844 0.976716082137 0.984279035832 0.963596043995 0.930130597288 0.489350452100 0.982394333406 0.884086140080 0.776354161355 0.208039713874 0.584359562167 0.074498795907 0.037731828351 0.000144967474 0.953919423110 0.586429529746 0.402686461351 0.025268574195 0.230587017657 0.005792010551 0.002725204207 0.000001118826 0.118701365521 0.001044430107 0.000474801781 0.000000000002 0.000267206060 0.000000000000 0.000000000000 0.000000000000 0.984370988743 0.981051986502 0.974436501074 0.744201863548 0.936084042966 0.507570777737 0.331732023495 0.016205049560 0.793720841320 0.204834372328 0.108146777023 0.001086768664 0.054365438116 0.000140245217 0.000066099052 0.000000000000 0.522547391868 0.042281784565 0.019115376470 0.000045454940 0.008228925702 0.000000043109 0.000000008140 0.000000000000 0.004325797197 0.000000005075 0.000000000507 0.000000000000 0.000000001292 0.000000000000 0.000000000000 0.000000000000 0.277244546790 0.005731091732 0.002588452866 0.000000000662 0.001304186642 0.000000000007 0.000000003142 0.000000000000 0.000655201065 0.000000000003 0.000000000000 0.000000000000 0.000000000000 0.000000000000 0.000000000000 0.000000000000 0.000219516968 0.000000000000 0.000000000000 0.000000000000 0.000000000000 0.000000000000 0.000000000000 0.000000000000 0.000000000000 0.000000000000 0.000000000000 0.000000000000 0.000000000000 0.000000000000 0.000000000000 0.000000000000 

N_obs: 40000

File Format:
1- least to most reliable channels (taken entropies)
2- least to most reliable channels (taken error probabilities)
3- channels entropies
4- channels error probabilities
5- number of MontCarlo simulations