44 88 64
2 2 2 2 2 2 2 2 2 2 2 2 2 2 2 2 2 2 2 2 2 2 2 2 2 2 2 2 2 2 2 2 2 2 2 2 2 2 2 2 2 2 2 2 2 2 2 2 2 2 2 2 2 2 2 2 2 2 2 2 2 2 2 2 2 2 2 2 2 2 2 2 2 2 2 2 2 2 2 2 2 2 2 2 2 2 2 2 
4 4 4 4 4 4 4 4 4 4 4 4 4 4 4 4 4 4 4 4 4 4 4 4 4 4 4 4 4 4 4 4 4 4 4 4 4 4 4 4 4 4 4 4 
1 19 1 9 1 0 1 37 
2 30 2 20 2 11 2 48 
3 7 3 0 3 44 3 18 
4 9 4 0 4 37 4 22 
5 0 5 37 5 22 5 9 
6 48 6 33 6 20 6 11 
7 37 7 22 7 9 7 0 
8 18 8 11 8 55 8 29 
9 37 9 19 9 9 9 0 
10 62 10 53 10 27 10 12 
11 44 11 18 11 7 11 0 
12 9 12 0 12 37 12 19 
13 33 13 18 13 5 13 59 
14 44 14 18 14 7 14 0 
15 37 15 19 15 9 15 0 
16 59 16 40 16 14 16 3 
17 44 17 18 17 7 17 0 
18 47 18 34 18 25 18 62 
19 22 19 9 19 0 19 37 
20 18 20 7 20 0 20 44 
21 25 21 6 21 43 21 32 
22 0 22 37 22 19 22 9 
23 15 23 5 23 59 23 33 
24 18 24 7 24 0 24 44 
25 0 25 44 25 18 25 7 
26 25 26 62 26 44 26 34 
27 22 27 9 27 0 27 37 
28 9 28 0 28 37 28 22 
29 37 29 11 29 56 29 46 
30 0 30 37 30 22 30 9 
31 19 31 9 31 0 31 37 
32 37 32 11 32 59 32 46 
33 7 33 0 33 44 33 18 
34 22 34 9 34 0 34 37 
35 19 35 9 35 0 35 37 
36 0 36 37 36 22 36 9 
37 43 37 32 37 25 37 6 
38 18 38 7 38 0 38 44 
39 31 39 5 39 50 39 40 
40 8 40 45 40 34 40 27 
41 9 41 0 41 37 41 19 
42 1 42 46 42 36 42 27 
43 18 43 7 43 0 43 44 
44 0 44 37 44 22 44 9